quick, 100, 789, 528, 0.000006
dual, 100, 2500, 0, 0.000034
quick, 100, 632, 311, 0.000005
dual, 100, 2458, 27, 0.000009
quick, 100, 719, 487, 0.000005
dual, 100, 2486, 13, 0.000006
quick, 100, 561, 360, 0.000005
dual, 100, 2311, 62, 0.000006
quick, 100, 715, 373, 0.000005
dual, 100, 2500, 0, 0.000006
quick, 100, 696, 403, 0.000005
dual, 100, 927, 208, 0.000003
quick, 100, 733, 495, 0.000005
dual, 100, 1292, 182, 0.000004
quick, 100, 709, 309, 0.000005
dual, 100, 2044, 100, 0.000005
quick, 100, 755, 478, 0.000005
dual, 100, 1547, 159, 0.000004
quick, 100, 589, 407, 0.000004
dual, 100, 606, 235, 0.000002
quick, 200, 1469, 890, 0.000010
dual, 200, 2819, 514, 0.000009
quick, 200, 1568, 846, 0.000010
dual, 200, 1604, 567, 0.000005
quick, 200, 1452, 761, 0.000010
dual, 200, 6145, 358, 0.000017
quick, 200, 1660, 968, 0.000010
dual, 200, 2310, 536, 0.000006
quick, 200, 1594, 1092, 0.000010
dual, 200, 4092, 457, 0.000011
quick, 200, 1509, 801, 0.000010
dual, 200, 4248, 454, 0.000010
quick, 200, 1459, 799, 0.000010
dual, 200, 4400, 448, 0.000011
quick, 200, 1507, 931, 0.000010
dual, 200, 8986, 164, 0.000021
quick, 200, 1658, 992, 0.000010
dual, 200, 5509, 391, 0.000013
quick, 200, 1415, 877, 0.000010
dual, 200, 3474, 488, 0.000009
quick, 300, 2482, 1375, 0.000016
dual, 300, 1743, 961, 0.000007
quick, 300, 2427, 1328, 0.000016
dual, 300, 4768, 887, 0.000013
quick, 300, 2870, 1700, 0.000016
dual, 300, 2875, 938, 0.000008
quick, 300, 2537, 1307, 0.000015
dual, 300, 12788, 619, 0.000030
quick, 300, 2544, 1542, 0.000015
dual, 300, 8497, 765, 0.000021
quick, 300, 2915, 1584, 0.000016
dual, 300, 2882, 938, 0.000008
quick, 300, 2472, 1414, 0.000016
dual, 300, 8728, 755, 0.000021
quick, 300, 2372, 1260, 0.000016
dual, 300, 8037, 787, 0.000019
quick, 300, 2474, 1597, 0.000016
dual, 300, 8267, 774, 0.000020
quick, 300, 2882, 1665, 0.000015
dual, 300, 8273, 776, 0.000020
quick, 400, 3605, 1881, 0.000022
dual, 400, 2860, 1351, 0.000010
quick, 400, 3811, 2229, 0.000022
dual, 400, 11149, 1169, 0.000027
quick, 400, 4010, 2534, 0.000022
dual, 400, 5856, 1279, 0.000015
quick, 400, 3612, 2267, 0.000032
dual, 400, 15050, 1069, 0.000032
quick, 400, 3653, 2254, 0.000020
dual, 400, 8391, 1225, 0.000019
quick, 400, 4127, 2080, 0.000020
dual, 400, 13128, 1117, 0.000028
quick, 400, 3561, 2158, 0.000019
dual, 400, 4002, 1328, 0.000010
quick, 400, 3707, 2004, 0.000020
dual, 400, 9433, 1206, 0.000021
quick, 400, 3388, 1763, 0.000020
dual, 400, 11483, 1157, 0.000025
quick, 400, 3760, 2157, 0.000020
dual, 400, 7326, 1262, 0.000017
quick, 500, 4597, 2853, 0.000025
dual, 500, 18152, 1505, 0.000039
quick, 500, 4958, 2951, 0.000026
dual, 500, 10302, 1656, 0.000023
quick, 500, 4817, 2783, 0.000025
dual, 500, 8016, 1708, 0.000018
quick, 500, 4852, 2562, 0.000025
dual, 500, 5665, 1741, 0.000015
quick, 500, 4476, 2555, 0.000025
dual, 500, 7072, 1708, 0.000017
quick, 500, 4826, 2730, 0.000025
dual, 500, 8472, 1695, 0.000019
quick, 500, 4988, 2556, 0.000024
dual, 500, 7529, 1701, 0.000017
quick, 500, 4498, 2860, 0.000024
dual, 500, 16886, 1533, 0.000057
quick, 500, 4978, 2683, 0.000034
dual, 500, 12103, 1620, 0.000034
quick, 500, 4565, 2271, 0.000025
dual, 500, 6613, 1731, 0.000016
quick, 600, 6050, 3342, 0.000031
dual, 600, 24323, 1910, 0.000052
quick, 600, 5292, 2892, 0.000029
dual, 600, 4083, 2235, 0.000011
quick, 600, 6157, 3538, 0.000030
dual, 600, 15364, 2055, 0.000033
quick, 600, 6245, 3975, 0.000030
dual, 600, 13704, 2060, 0.000030
quick, 600, 6461, 3469, 0.000031
dual, 600, 14798, 2048, 0.000032
quick, 600, 6963, 4673, 0.000032
dual, 600, 7540, 2178, 0.000018
quick, 600, 6292, 3054, 0.000030
dual, 600, 4660, 2196, 0.000013
quick, 600, 6033, 3108, 0.000029
dual, 600, 28826, 1821, 0.000059
quick, 600, 5950, 3294, 0.000030
dual, 600, 6387, 2174, 0.000016
quick, 600, 5465, 3158, 0.000030
dual, 600, 8680, 2156, 0.000020
quick, 700, 7472, 3974, 0.000036
dual, 700, 16199, 2491, 0.000035
quick, 700, 7201, 4350, 0.000035
dual, 700, 13618, 2541, 0.000031
quick, 700, 7484, 4003, 0.000036
dual, 700, 7602, 2619, 0.000019
quick, 700, 6630, 3873, 0.000035
dual, 700, 14930, 2528, 0.000032
quick, 700, 7013, 3512, 0.000036
dual, 700, 8263, 2590, 0.000021
quick, 700, 7070, 3705, 0.000036
dual, 700, 26988, 2365, 0.000055
quick, 700, 7655, 4402, 0.000036
dual, 700, 9597, 2572, 0.000023
quick, 700, 7326, 3663, 0.000036
dual, 700, 6260, 2635, 0.000015
quick, 700, 7888, 3927, 0.000036
dual, 700, 9629, 2588, 0.000021
quick, 700, 6958, 3852, 0.000036
dual, 700, 22599, 2396, 0.000047
quick, 800, 8752, 4753, 0.000042
dual, 800, 8070, 3076, 0.000020
quick, 800, 7750, 3937, 0.000040
dual, 800, 19509, 2941, 0.000041
quick, 800, 8252, 4575, 0.000041
dual, 800, 21735, 2911, 0.000046
quick, 800, 8708, 4215, 0.000041
dual, 800, 29777, 2810, 0.000061
quick, 800, 8481, 4754, 0.000041
dual, 800, 15747, 2983, 0.000034
quick, 800, 8780, 5686, 0.000042
dual, 800, 22473, 2886, 0.000047
quick, 800, 7928, 4009, 0.000041
dual, 800, 14230, 3006, 0.000035
quick, 800, 8785, 4350, 0.000043
dual, 800, 21759, 2933, 0.000048
quick, 800, 8235, 4976, 0.000042
dual, 800, 17258, 2957, 0.000037
quick, 800, 8340, 4938, 0.000042
dual, 800, 19524, 2952, 0.000041
quick, 900, 8930, 5471, 0.000048
dual, 900, 23001, 3390, 0.000050
quick, 900, 9651, 5161, 0.000048
dual, 900, 35455, 3261, 0.000073
quick, 900, 10104, 5787, 0.000047
dual, 900, 15318, 3462, 0.000035
quick, 900, 9940, 5166, 0.000047
dual, 900, 17903, 3436, 0.000039
quick, 900, 9966, 5642, 0.000047
dual, 900, 11854, 3509, 0.000028
quick, 900, 9711, 4921, 0.000048
dual, 900, 10972, 3513, 0.000026
quick, 900, 9510, 4618, 0.000047
dual, 900, 10115, 3545, 0.000024
quick, 900, 10112, 4894, 0.000064
dual, 900, 9224, 3541, 0.000033
quick, 900, 9772, 5655, 0.000064
dual, 900, 7481, 3565, 0.000030
quick, 900, 8824, 4437, 0.000063
dual, 900, 16195, 3464, 0.000049
quick, 1000, 9966, 5278, 0.000070
dual, 1000, 36979, 3745, 0.000107
quick, 1000, 10820, 5305, 0.000077
dual, 1000, 10423, 3997, 0.000042
quick, 1000, 11779, 5915, 0.000075
dual, 1000, 22929, 3894, 0.000071
quick, 1000, 11511, 6008, 0.000078
dual, 1000, 11405, 3999, 0.000041
quick, 1000, 11634, 6163, 0.000064
dual, 1000, 14345, 3991, 0.000043
quick, 1000, 10653, 5472, 0.000072
dual, 1000, 11424, 4004, 0.000040
quick, 1000, 10816, 5802, 0.000070
dual, 1000, 29533, 3819, 0.000088
quick, 1000, 10201, 5109, 0.000070
dual, 1000, 17213, 3955, 0.000069
quick, 1000, 10648, 6232, 0.000071
dual, 1000, 10418, 4009, 0.000039
quick, 1000, 10859, 5764, 0.000070
dual, 1000, 33260, 3764, 0.000085
quick, 1100, 11311, 5725, 0.000068
dual, 1100, 19133, 4435, 0.000059
quick, 1100, 11688, 7382, 0.000076
dual, 1100, 35821, 4249, 0.000092
quick, 1100, 12858, 6039, 0.000082
dual, 1100, 21204, 4383, 0.000060
quick, 1100, 11593, 6581, 0.000086
dual, 1100, 20167, 4402, 0.000061
quick, 1100, 12672, 6126, 0.000084
dual, 1100, 23361, 4391, 0.000077
quick, 1100, 15215, 8525, 0.000072
dual, 1100, 27572, 4371, 0.000080
quick, 1100, 12360, 6071, 0.000068
dual, 1100, 8390, 4518, 0.000037
quick, 1100, 12144, 6764, 0.000076
dual, 1100, 20143, 4389, 0.000066
quick, 1100, 11353, 6263, 0.000083
dual, 1100, 39961, 4253, 0.000113
quick, 1100, 11523, 6464, 0.000083
dual, 1100, 22339, 4403, 0.000070
quick, 1200, 13036, 6629, 0.000094
dual, 1200, 24499, 4865, 0.000078
quick, 1200, 12647, 6881, 0.000088
dual, 1200, 15164, 4958, 0.000053
quick, 1200, 13349, 7276, 0.000066
dual, 1200, 46114, 4699, 0.000096
quick, 1200, 13449, 7334, 0.000065
dual, 1200, 24495, 4914, 0.000055
quick, 1200, 13844, 7438, 0.000064
dual, 1200, 14057, 5020, 0.000035
quick, 1200, 12093, 6445, 0.000064
dual, 1200, 43864, 4718, 0.000091
quick, 1200, 13481, 7849, 0.000068
dual, 1200, 23324, 4898, 0.000053
quick, 1200, 14655, 7779, 0.000067
dual, 1200, 14017, 4969, 0.000035
quick, 1200, 13039, 7623, 0.000066
dual, 1200, 19859, 4920, 0.000046
quick, 1200, 13114, 7413, 0.000065
dual, 1200, 23328, 4881, 0.000052
quick, 1300, 15167, 7147, 0.000071
dual, 1300, 26720, 5358, 0.000059
quick, 1300, 16763, 6541, 0.000071
dual, 1300, 21600, 5371, 0.000050
quick, 1300, 15627, 8315, 0.000071
dual, 1300, 20375, 5404, 0.000048
quick, 1300, 14943, 8017, 0.000072
dual, 1300, 28027, 5425, 0.000062
quick, 1300, 13632, 7528, 0.000070
dual, 1300, 10212, 5472, 0.000033
quick, 1300, 14661, 8461, 0.000072
dual, 1300, 24212, 5395, 0.000056
quick, 1300, 16590, 7319, 0.000075
dual, 1300, 15300, 5442, 0.000038
quick, 1300, 14655, 8152, 0.000071
dual, 1300, 35504, 5362, 0.000076
quick, 1300, 15158, 8550, 0.000071
dual, 1300, 27991, 5375, 0.000061
quick, 1300, 14653, 7518, 0.000069
dual, 1300, 15438, 5571, 0.000039
quick, 1400, 15815, 9354, 0.000077
dual, 1400, 33055, 5834, 0.000073
quick, 1400, 16970, 7521, 0.000077
dual, 1400, 11149, 5986, 0.000033
quick, 1400, 16040, 9103, 0.000078
dual, 1400, 19392, 5924, 0.000049
quick, 1400, 16591, 9688, 0.000088
dual, 1400, 23487, 5879, 0.000054
quick, 1400, 15409, 8616, 0.000075
dual, 1400, 16674, 5986, 0.000041
quick, 1400, 15498, 7978, 0.000074
dual, 1400, 13964, 5957, 0.000037
quick, 1400, 16065, 9245, 0.000096
dual, 1400, 23537, 5930, 0.000055
quick, 1400, 16235, 7861, 0.000074
dual, 1400, 23500, 5880, 0.000054
quick, 1400, 15618, 8454, 0.000074
dual, 1400, 18023, 5920, 0.000043
quick, 1400, 16406, 7532, 0.000075
dual, 1400, 27576, 5907, 0.000061
quick, 1500, 18339, 8004, 0.000079
dual, 1500, 18012, 6435, 0.000045
quick, 1500, 17197, 9932, 0.000090
dual, 1500, 29781, 6455, 0.000067
quick, 1500, 16954, 9776, 0.000079
dual, 1500, 31155, 6306, 0.000081
quick, 1500, 17493, 8070, 0.000080
dual, 1500, 26788, 6387, 0.000082
quick, 1500, 18035, 8890, 0.000087
dual, 1500, 26789, 6367, 0.000065
quick, 1500, 17098, 9602, 0.000090
dual, 1500, 29688, 6359, 0.000070
quick, 1500, 18537, 10868, 0.000090
dual, 1500, 34055, 6295, 0.000079
quick, 1500, 18325, 10134, 0.000088
dual, 1500, 31175, 6346, 0.000074
quick, 1500, 18662, 9585, 0.000110
dual, 1500, 16513, 6433, 0.000045
quick, 1500, 17931, 8820, 0.000081
dual, 1500, 15013, 6450, 0.000043
quick, 1600, 19243, 9540, 0.000089
dual, 1600, 45817, 6786, 0.000108
quick, 1600, 18778, 9192, 0.000085
dual, 1600, 38090, 6809, 0.000095
quick, 1600, 18915, 10401, 0.000086
dual, 1600, 39581, 6802, 0.000096
quick, 1600, 20113, 9052, 0.000098
dual, 1600, 17728, 6900, 0.000045
quick, 1600, 18686, 10913, 0.000086
dual, 1600, 25662, 6916, 0.000070
quick, 1600, 18515, 9152, 0.000085
dual, 1600, 22490, 6915, 0.000053
quick, 1600, 20125, 9582, 0.000087
dual, 1600, 24045, 6931, 0.000057
quick, 1600, 20138, 12183, 0.000097
dual, 1600, 31798, 6819, 0.000073
quick, 1600, 17674, 9118, 0.000086
dual, 1600, 39656, 6839, 0.000097
quick, 1600, 17912, 9541, 0.000085
dual, 1600, 41323, 6963, 0.000099
quick, 1700, 19868, 9670, 0.000111
dual, 1700, 34202, 7570, 0.000087
quick, 1700, 18702, 10642, 0.000108
dual, 1700, 89223, 7018, 0.000195
quick, 1700, 19676, 10326, 0.000100
dual, 1700, 42284, 7299, 0.000101
quick, 1700, 19514, 10386, 0.000101
dual, 1700, 20641, 7413, 0.000058
quick, 1700, 19371, 10704, 0.000096
dual, 1700, 32327, 7336, 0.000074
quick, 1700, 20131, 11734, 0.000098
dual, 1700, 37398, 7417, 0.000083
quick, 1700, 23124, 10211, 0.000110
dual, 1700, 47229, 7304, 0.000109
quick, 1700, 21352, 11956, 0.000101
dual, 1700, 19210, 7628, 0.000053
quick, 1700, 19623, 11840, 0.000103
dual, 1700, 17305, 7466, 0.000049
quick, 1700, 19451, 10058, 0.000106
dual, 1700, 29071, 7442, 0.000067
quick, 1800, 22711, 13190, 0.000103
dual, 1800, 65741, 7659, 0.000137
quick, 1800, 21019, 10060, 0.000099
dual, 1800, 29133, 7951, 0.000069
quick, 1800, 21593, 13249, 0.000127
dual, 1800, 22068, 7950, 0.000060
quick, 1800, 20550, 11040, 0.000101
dual, 1800, 24071, 8197, 0.000060
quick, 1800, 23561, 14767, 0.000104
dual, 1800, 30847, 7920, 0.000074
quick, 1800, 22039, 11257, 0.000101
dual, 1800, 32691, 7923, 0.000117
quick, 1800, 22404, 12648, 0.000105
dual, 1800, 36125, 7858, 0.000083
quick, 1800, 20243, 9536, 0.000099
dual, 1800, 46647, 7788, 0.000103
quick, 1800, 21264, 12656, 0.000102
dual, 1800, 30864, 7890, 0.000072
quick, 1800, 22952, 10690, 0.000100
dual, 1800, 55335, 7739, 0.000119
quick, 1900, 23166, 12224, 0.000108
dual, 1900, 27161, 8428, 0.000067
quick, 1900, 23325, 12456, 0.000108
dual, 1900, 30941, 8454, 0.000074
quick, 1900, 23910, 13095, 0.000108
dual, 1900, 47654, 8377, 0.000104
quick, 1900, 22702, 11843, 0.000107
dual, 1900, 45725, 8299, 0.000102
quick, 1900, 21086, 11426, 0.000109
dual, 1900, 51660, 8713, 0.000113
quick, 1900, 23767, 13766, 0.000107
dual, 1900, 23453, 8472, 0.000059
quick, 1900, 24548, 10406, 0.000107
dual, 1900, 21523, 8472, 0.000057
quick, 1900, 21827, 11692, 0.000126
dual, 1900, 23478, 8582, 0.000063
quick, 1900, 23501, 12553, 0.000108
dual, 1900, 40669, 8865, 0.000103
quick, 1900, 23638, 13238, 0.000121
dual, 1900, 25251, 8429, 0.000074
quick, 2000, 25111, 12318, 0.000125
dual, 2000, 40526, 8911, 0.000099
quick, 2000, 28652, 15364, 0.000124
dual, 2000, 32705, 8971, 0.000083
quick, 2000, 24328, 12942, 0.000145
dual, 2000, 24812, 9026, 0.000064
quick, 2000, 29426, 15864, 0.000121
dual, 2000, 20956, 9019, 0.000056
quick, 2000, 23907, 12222, 0.000113
dual, 2000, 56402, 9009, 0.000125
quick, 2000, 27870, 15570, 0.000116
dual, 2000, 36715, 9061, 0.000085
quick, 2000, 24129, 12371, 0.000114
dual, 2000, 48594, 9200, 0.000107
quick, 2000, 24540, 13013, 0.000111
dual, 2000, 31377, 9642, 0.000079
quick, 2000, 24573, 12541, 0.000114
dual, 2000, 22748, 8963, 0.000059
quick, 2000, 23831, 13904, 0.000115
dual, 2000, 36920, 9219, 0.000086
quick, 2100, 26730, 16448, 0.000120
dual, 2100, 22308, 9520, 0.000061
quick, 2100, 26002, 13236, 0.000120
dual, 2100, 26207, 9507, 0.000067
quick, 2100, 27221, 15057, 0.000119
dual, 2100, 30351, 9520, 0.000075
quick, 2100, 28849, 16748, 0.000127
dual, 2100, 36633, 9581, 0.000087
quick, 2100, 25815, 14527, 0.000128
dual, 2100, 26157, 9463, 0.000072
quick, 2100, 24704, 12713, 0.000127
dual, 2100, 30744, 9921, 0.000081
quick, 2100, 24732, 12845, 0.000127
dual, 2100, 24218, 9633, 0.000063
quick, 2100, 28125, 14216, 0.000122
dual, 2100, 38688, 9527, 0.000091
quick, 2100, 25679, 13662, 0.000120
dual, 2100, 44727, 9428, 0.000102
quick, 2100, 25719, 14507, 0.000119
dual, 2100, 32504, 9550, 0.000079
quick, 2200, 25656, 13964, 0.000124
dual, 2200, 18834, 10090, 0.000055
quick, 2200, 27463, 12702, 0.000125
dual, 2200, 31923, 10066, 0.000080
quick, 2200, 26368, 12682, 0.000126
dual, 2200, 27662, 10107, 0.000072
quick, 2200, 27051, 13035, 0.000126
dual, 2200, 38788, 10402, 0.000094
quick, 2200, 27235, 14516, 0.000125
dual, 2200, 27566, 10027, 0.000072
quick, 2200, 28822, 14412, 0.000127
dual, 2200, 31964, 10086, 0.000079
quick, 2200, 26645, 13486, 0.000127
dual, 2200, 25377, 10027, 0.000066
quick, 2200, 27055, 16460, 0.000127
dual, 2200, 27895, 10255, 0.000073
quick, 2200, 27403, 12505, 0.000123
dual, 2200, 42710, 9977, 0.000099
quick, 2200, 29011, 15220, 0.000128
dual, 2200, 46980, 9925, 0.000110
quick, 2300, 28062, 13870, 0.000131
dual, 2300, 38089, 10535, 0.000092
quick, 2300, 29780, 16391, 0.000133
dual, 2300, 74035, 10366, 0.000159
quick, 2300, 29323, 15106, 0.000133
dual, 2300, 22146, 10635, 0.000062
quick, 2300, 28143, 15419, 0.000132
dual, 2300, 38332, 10531, 0.000093
quick, 2300, 30051, 15249, 0.000136
dual, 2300, 40788, 11049, 0.000098
quick, 2300, 29514, 15237, 0.000133
dual, 2300, 33532, 10556, 0.000083
quick, 2300, 30612, 17552, 0.000133
dual, 2300, 38638, 11146, 0.000105
quick, 2300, 27469, 13346, 0.000132
dual, 2300, 40661, 10871, 0.000104
quick, 2300, 28246, 15894, 0.000144
dual, 2300, 22328, 10748, 0.000068
quick, 2300, 31335, 15853, 0.000146
dual, 2300, 85769, 10884, 0.000195
quick, 2400, 33432, 17485, 0.000142
dual, 2400, 56444, 11103, 0.000129
quick, 2400, 35552, 20395, 0.000147
dual, 2400, 21058, 11323, 0.000062
quick, 2400, 32181, 18029, 0.000140
dual, 2400, 28103, 11142, 0.000075
quick, 2400, 31489, 18640, 0.000142
dual, 2400, 42261, 11127, 0.000102
quick, 2400, 30688, 16299, 0.000140
dual, 2400, 44705, 11147, 0.000108
quick, 2400, 29992, 16284, 0.000139
dual, 2400, 68012, 10865, 0.000150
quick, 2400, 32308, 17022, 0.000138
dual, 2400, 32789, 11137, 0.000084
quick, 2400, 30246, 16688, 0.000142
dual, 2400, 25802, 11287, 0.000071
quick, 2400, 29115, 15901, 0.000139
dual, 2400, 43018, 11888, 0.000108
quick, 2400, 29616, 15220, 0.000148
dual, 2400, 46874, 10988, 0.000118
quick, 2500, 30216, 16815, 0.000142
dual, 2500, 27087, 11917, 0.000083
quick, 2500, 31152, 17274, 0.000140
dual, 2500, 41863, 11873, 0.000099
quick, 2500, 31154, 15410, 0.000162
dual, 2500, 34275, 11717, 0.000096
quick, 2500, 32661, 16376, 0.000140
dual, 2500, 26905, 11694, 0.000083
quick, 2500, 32169, 16818, 0.000142
dual, 2500, 81372, 11983, 0.000182
quick, 2500, 30142, 16233, 0.000141
dual, 2500, 30041, 11811, 0.000087
quick, 2500, 33147, 17049, 0.000141
dual, 2500, 34262, 11615, 0.000099
quick, 2500, 30383, 17239, 0.000139
dual, 2500, 39866, 12333, 0.000107
quick, 2500, 30461, 15517, 0.000140
dual, 2500, 66607, 11794, 0.000155
quick, 2500, 30617, 16382, 0.000140
dual, 2500, 46826, 11817, 0.000118
quick, 2600, 36830, 18741, 0.000149
dual, 2600, 33227, 12196, 0.000094
quick, 2600, 33526, 16623, 0.000145
dual, 2600, 56389, 12111, 0.000136
quick, 2600, 34244, 18765, 0.000151
dual, 2600, 40939, 12210, 0.000109
quick, 2600, 36953, 21702, 0.000154
dual, 2600, 49352, 12842, 0.000116
quick, 2600, 32509, 16319, 0.000150
dual, 2600, 38734, 12637, 0.000097
quick, 2600, 36488, 19542, 0.000150
dual, 2600, 56428, 12241, 0.000131
quick, 2600, 33148, 16898, 0.000149
dual, 2600, 33614, 12571, 0.000096
quick, 2600, 35876, 18718, 0.000148
dual, 2600, 31369, 12961, 0.000092
quick, 2600, 36141, 17658, 0.000150
dual, 2600, 36697, 13046, 0.000102
quick, 2600, 32616, 14916, 0.000170
dual, 2600, 23151, 12345, 0.000075
quick, 2700, 37440, 20599, 0.000157
dual, 2700, 69168, 12614, 0.000160
quick, 2700, 36764, 19721, 0.000155
dual, 2700, 45425, 12739, 0.000131
quick, 2700, 33507, 17463, 0.000164
dual, 2700, 64106, 12838, 0.000147
quick, 2700, 34379, 17847, 0.000164
dual, 2700, 32015, 12799, 0.000113
quick, 2700, 34551, 18347, 0.000178
dual, 2700, 29434, 12901, 0.000083
quick, 2700, 34530, 17261, 0.000156
dual, 2700, 32388, 13169, 0.000120
quick, 2700, 33156, 18292, 0.000164
dual, 2700, 43445, 13520, 0.000115
quick, 2700, 35265, 19256, 0.000159
dual, 2700, 37575, 12848, 0.000098
quick, 2700, 34510, 16500, 0.000154
dual, 2700, 50881, 12738, 0.000131
quick, 2700, 33979, 17037, 0.000152
dual, 2700, 51185, 13266, 0.000130
quick, 2800, 35978, 18212, 0.000163
dual, 2800, 39203, 13576, 0.000116
quick, 2800, 34457, 18738, 0.000197
dual, 2800, 72047, 13129, 0.000176
quick, 2800, 36280, 16569, 0.000168
dual, 2800, 36035, 13320, 0.000122
quick, 2800, 36153, 18065, 0.000186
dual, 2800, 36490, 13752, 0.000133
quick, 2800, 39700, 21469, 0.000162
dual, 2800, 72531, 13745, 0.000233
quick, 2800, 42438, 21923, 0.000173
dual, 2800, 64186, 13686, 0.000145
quick, 2800, 35905, 20701, 0.000164
dual, 2800, 50297, 13670, 0.000121
quick, 2800, 41467, 18954, 0.000168
dual, 2800, 50498, 13856, 0.000122
quick, 2800, 36199, 20229, 0.000165
dual, 2800, 53706, 13999, 0.000128
quick, 2800, 40010, 18420, 0.000166
dual, 2800, 36786, 14048, 0.000096
quick, 2900, 37520, 17708, 0.000168
dual, 2900, 43616, 13884, 0.000111
quick, 2900, 38137, 20955, 0.000171
dual, 2900, 76061, 15141, 0.000172
quick, 2900, 39258, 17902, 0.000173
dual, 2900, 46618, 14342, 0.000116
quick, 2900, 37428, 19292, 0.000169
dual, 2900, 34600, 13876, 0.000093
quick, 2900, 39132, 17533, 0.000171
dual, 2900, 46401, 14077, 0.000115
quick, 2900, 35606, 17095, 0.000168
dual, 2900, 60573, 13925, 0.000141
quick, 2900, 39707, 19484, 0.000171
dual, 2900, 46227, 13956, 0.000115
quick, 2900, 37860, 20775, 0.000174
dual, 2900, 60675, 13993, 0.000142
quick, 2900, 39013, 20596, 0.000189
dual, 2900, 26416, 14296, 0.000084
quick, 2900, 42196, 21834, 0.000185
dual, 2900, 37585, 13906, 0.000104
quick, 3000, 42423, 24555, 0.000190
dual, 3000, 45030, 14501, 0.000120
quick, 3000, 43294, 21024, 0.000181
dual, 3000, 48728, 15213, 0.000120
quick, 3000, 40348, 23585, 0.000177
dual, 3000, 30877, 15256, 0.000088
quick, 3000, 43996, 24772, 0.000174
dual, 3000, 42507, 14946, 0.000132
quick, 3000, 46156, 18107, 0.000175
dual, 3000, 33286, 14753, 0.000116
quick, 3000, 43131, 23735, 0.000175
dual, 3000, 66248, 14973, 0.000177
quick, 3000, 38471, 18457, 0.000170
dual, 3000, 57297, 14920, 0.000163
quick, 3000, 41346, 22060, 0.000172
dual, 3000, 39329, 14763, 0.000127
quick, 3000, 37647, 19250, 0.000170
dual, 3000, 36505, 14922, 0.000124
quick, 3000, 41004, 19557, 0.000204
dual, 3000, 53868, 14494, 0.000140
quick, 3100, 45084, 25436, 0.000202
dual, 3100, 71749, 15641, 0.000177
quick, 3100, 41609, 20101, 0.000180
dual, 3100, 46561, 15039, 0.000142
quick, 3100, 40582, 21145, 0.000177
dual, 3100, 46666, 15027, 0.000150
quick, 3100, 37690, 19490, 0.000176
dual, 3100, 71777, 15679, 0.000176
quick, 3100, 42647, 22363, 0.000184
dual, 3100, 34334, 15064, 0.000107
quick, 3100, 46205, 23401, 0.000188
dual, 3100, 53685, 15957, 0.000132
quick, 3100, 41093, 19951, 0.000193
dual, 3100, 41143, 15736, 0.000118
quick, 3100, 38944, 19549, 0.000178
dual, 3100, 62961, 15986, 0.000163
quick, 3100, 47594, 25773, 0.000223
dual, 3100, 59030, 15109, 0.000155
quick, 3100, 39425, 19500, 0.000184
dual, 3100, 37229, 14862, 0.000102
quick, 3200, 40212, 21161, 0.000189
dual, 3200, 74071, 16063, 0.000187
quick, 3200, 41609, 18805, 0.000183
dual, 3200, 35650, 15728, 0.000100
quick, 3200, 50339, 26891, 0.000198
dual, 3200, 60974, 15467, 0.000146
quick, 3200, 42209, 19729, 0.000185
dual, 3200, 39273, 16151, 0.000106
quick, 3200, 43670, 20641, 0.000188
dual, 3200, 29707, 16111, 0.000087
quick, 3200, 39910, 21480, 0.000190
dual, 3200, 39209, 16036, 0.000109
quick, 3200, 45256, 22222, 0.000204
dual, 3200, 61039, 15702, 0.000164
quick, 3200, 43841, 22951, 0.000204
dual, 3200, 55669, 16654, 0.000146
quick, 3200, 39933, 20373, 0.000223
dual, 3200, 45125, 15635, 0.000120
quick, 3200, 42788, 20161, 0.000189
dual, 3200, 48993, 16313, 0.000127
quick, 3300, 41650, 21243, 0.000194
dual, 3300, 63424, 16572, 0.000154
quick, 3300, 43267, 21455, 0.000197
dual, 3300, 90045, 17072, 0.000219
quick, 3300, 45317, 23283, 0.000219
dual, 3300, 60900, 17313, 0.000170
quick, 3300, 46926, 29071, 0.000197
dual, 3300, 53899, 16889, 0.000135
quick, 3300, 45512, 24182, 0.000200
dual, 3300, 56600, 16230, 0.000146
quick, 3300, 42581, 23654, 0.000207
dual, 3300, 69756, 16261, 0.000175
quick, 3300, 48383, 25650, 0.000212
dual, 3300, 47078, 16612, 0.000137
quick, 3300, 42757, 23359, 0.000189
dual, 3300, 37342, 16699, 0.000111
quick, 3300, 44722, 23205, 0.000189
dual, 3300, 60507, 16969, 0.000152
quick, 3300, 47290, 25689, 0.000193
dual, 3300, 121235, 15872, 0.000264
quick, 3400, 48365, 23523, 0.000200
dual, 3400, 34892, 16897, 0.000143
quick, 3400, 45450, 24354, 0.000265
dual, 3400, 65267, 16991, 0.000200
quick, 3400, 43507, 19189, 0.000192
dual, 3400, 45456, 17350, 0.000127
quick, 3400, 45120, 21151, 0.000197
dual, 3400, 71858, 16701, 0.000174
quick, 3400, 45782, 21143, 0.000193
dual, 3400, 56134, 17948, 0.000145
quick, 3400, 48755, 21600, 0.000199
dual, 3400, 39265, 17941, 0.000116
quick, 3400, 43918, 22663, 0.000196
dual, 3400, 68768, 17046, 0.000186
quick, 3400, 47706, 26087, 0.000197
dual, 3400, 48880, 17336, 0.000130
quick, 3400, 44048, 22066, 0.000194
dual, 3400, 52811, 17889, 0.000140
quick, 3400, 44442, 22107, 0.000196
dual, 3400, 45227, 17149, 0.000127
quick, 3500, 45065, 24084, 0.000204
dual, 3500, 81515, 17763, 0.000208
quick, 3500, 49631, 26246, 0.000227
dual, 3500, 67746, 17930, 0.000175
quick, 3500, 50297, 27445, 0.000218
dual, 3500, 44985, 19554, 0.000120
quick, 3500, 48824, 24471, 0.000209
dual, 3500, 78460, 18251, 0.000183
quick, 3500, 46046, 21862, 0.000218
dual, 3500, 53838, 17814, 0.000138
quick, 3500, 45650, 24950, 0.000267
dual, 3500, 36390, 17885, 0.000117
quick, 3500, 44942, 22813, 0.000257
dual, 3500, 53445, 17606, 0.000144
quick, 3500, 47184, 23628, 0.000218
dual, 3500, 64126, 17811, 0.000169
quick, 3500, 46269, 24655, 0.000235
dual, 3500, 68876, 18965, 0.000194
quick, 3500, 45199, 22313, 0.000222
dual, 3500, 77835, 17564, 0.000193
quick, 3600, 53272, 22340, 0.000220
dual, 3600, 55968, 18875, 0.000147
quick, 3600, 45800, 22328, 0.000208
dual, 3600, 59631, 18950, 0.000154
quick, 3600, 48054, 23486, 0.000212
dual, 3600, 52217, 18799, 0.000141
quick, 3600, 48389, 22234, 0.000205
dual, 3600, 79844, 17779, 0.000192
quick, 3600, 49699, 24613, 0.000209
dual, 3600, 37973, 18853, 0.000116
quick, 3600, 54958, 27633, 0.000214
dual, 3600, 58497, 17808, 0.000152
quick, 3600, 50679, 22783, 0.000208
dual, 3600, 37249, 18224, 0.000115
quick, 3600, 47663, 24118, 0.000207
dual, 3600, 47810, 17944, 0.000150
quick, 3600, 48516, 21540, 0.000208
dual, 3600, 55772, 18756, 0.000166
quick, 3600, 48874, 23301, 0.000207
dual, 3600, 58893, 18314, 0.000171
quick, 3700, 56032, 31428, 0.000218
dual, 3700, 65345, 20035, 0.000188
quick, 3700, 52388, 27406, 0.000215
dual, 3700, 86403, 18860, 0.000222
quick, 3700, 47364, 23017, 0.000213
dual, 3700, 49924, 19177, 0.000161
quick, 3700, 48649, 25443, 0.000215
dual, 3700, 64540, 18988, 0.000225
quick, 3700, 47620, 24868, 0.000238
dual, 3700, 69013, 19893, 0.000181
quick, 3700, 51091, 26930, 0.000237
dual, 3700, 41942, 18578, 0.000187
quick, 3700, 55012, 28804, 0.000221
dual, 3700, 39269, 19356, 0.000135
quick, 3700, 49835, 24096, 0.000210
dual, 3700, 64614, 19034, 0.000181
quick, 3700, 52424, 26638, 0.000212
dual, 3700, 46233, 19265, 0.000149
quick, 3700, 50676, 25886, 0.000215
dual, 3700, 115706, 19005, 0.000276
quick, 3800, 51017, 27927, 0.000221
dual, 3800, 59048, 19775, 0.000174
quick, 3800, 50968, 25552, 0.000220
dual, 3800, 51608, 19951, 0.000161
quick, 3800, 51225, 26732, 0.000231
dual, 3800, 74260, 19937, 0.000197
quick, 3800, 49695, 23926, 0.000241
dual, 3800, 55008, 19582, 0.000152
quick, 3800, 53492, 24405, 0.000225
dual, 3800, 114811, 19087, 0.000271
quick, 3800, 57181, 24810, 0.000228
dual, 3800, 107855, 19728, 0.000251
quick, 3800, 50356, 23712, 0.000232
dual, 3800, 62810, 19800, 0.000165
quick, 3800, 62365, 31195, 0.000283
dual, 3800, 65992, 19165, 0.000228
quick, 3800, 59641, 29300, 0.000291
dual, 3800, 47548, 19668, 0.000175
quick, 3800, 54372, 26841, 0.000259
dual, 3800, 55155, 19811, 0.000177
quick, 3900, 57608, 25804, 0.000243
dual, 3900, 56205, 19771, 0.000176
quick, 3900, 54146, 28680, 0.000245
dual, 3900, 73836, 21922, 0.000186
quick, 3900, 55534, 29150, 0.000230
dual, 3900, 110205, 19654, 0.000267
quick, 3900, 59785, 26990, 0.000234
dual, 3900, 37783, 20734, 0.000145
quick, 3900, 56241, 26418, 0.000254
dual, 3900, 38049, 21104, 0.000124
quick, 3900, 55986, 27499, 0.000249
dual, 3900, 87189, 19715, 0.000226
quick, 3900, 58596, 32245, 0.000262
dual, 3900, 79468, 19688, 0.000224
quick, 3900, 52782, 28573, 0.000228
dual, 3900, 53442, 20952, 0.000147
quick, 3900, 53277, 26191, 0.000231
dual, 3900, 53185, 20677, 0.000166
quick, 3900, 53915, 30179, 0.000229
dual, 3900, 48784, 19950, 0.000156
quick, 4000, 54578, 26122, 0.000274
dual, 4000, 94353, 21067, 0.000242
quick, 4000, 56330, 28981, 0.000237
dual, 4000, 79580, 22290, 0.000215
quick, 4000, 56569, 32260, 0.000304
dual, 4000, 58086, 20649, 0.000162
quick, 4000, 50490, 26155, 0.000254
dual, 4000, 37803, 20197, 0.000120
quick, 4000, 59745, 31433, 0.000239
dual, 4000, 73857, 20549, 0.000202
quick, 4000, 55075, 29980, 0.000235
dual, 4000, 55229, 21743, 0.000169
quick, 4000, 55327, 28812, 0.000272
dual, 4000, 58955, 21580, 0.000185
quick, 4000, 55511, 26447, 0.000236
dual, 4000, 60368, 23040, 0.000163
quick, 4000, 56710, 27690, 0.000247
dual, 4000, 45974, 20467, 0.000139
quick, 4000, 54074, 25658, 0.000255
dual, 4000, 66303, 20868, 0.000180
quick, 4100, 55300, 28967, 0.000248
dual, 4100, 40801, 22740, 0.000129
quick, 4100, 60795, 30539, 0.000243
dual, 4100, 60622, 22211, 0.000166
quick, 4100, 56734, 28774, 0.000241
dual, 4100, 79834, 21023, 0.000227
quick, 4100, 62816, 28776, 0.000245
dual, 4100, 48891, 22684, 0.000164
quick, 4100, 55174, 28313, 0.000339
dual, 4100, 65704, 23113, 0.000213
quick, 4100, 60747, 36273, 0.000815
dual, 4100, 56043, 21757, 0.000177
quick, 4100, 56770, 25236, 0.000243
dual, 4100, 68157, 21617, 0.000193
quick, 4100, 54733, 28318, 0.000239
dual, 4100, 85208, 22334, 0.000209
quick, 4100, 59342, 31258, 0.000241
dual, 4100, 85293, 22462, 0.000225
quick, 4100, 57037, 27522, 0.000242
dual, 4100, 43641, 21558, 0.000148
quick, 4200, 59977, 29296, 0.000251
dual, 4200, 99040, 22091, 0.000251
quick, 4200, 62467, 32478, 0.000251
dual, 4200, 62020, 22564, 0.000179
quick, 4200, 57982, 30186, 0.000272
dual, 4200, 137005, 22640, 0.000327
quick, 4200, 59588, 31230, 0.000250
dual, 4200, 46510, 23869, 0.000157
quick, 4200, 59153, 27278, 0.000243
dual, 4200, 73628, 21705, 0.000183
quick, 4200, 57710, 29488, 0.000248
dual, 4200, 87343, 22800, 0.000232
quick, 4200, 57150, 30794, 0.000244
dual, 4200, 49365, 22437, 0.000164
quick, 4200, 61432, 31103, 0.000248
dual, 4200, 79935, 23744, 0.000217
quick, 4200, 58047, 27329, 0.000246
dual, 4200, 87219, 22747, 0.000228
quick, 4200, 62494, 31319, 0.000248
dual, 4200, 57178, 21854, 0.000176
quick, 4300, 56536, 27124, 0.000251
dual, 4300, 64762, 24277, 0.000190
quick, 4300, 70524, 36255, 0.000274
dual, 4300, 51403, 23799, 0.000166
quick, 4300, 62245, 30698, 0.000250
dual, 4300, 130658, 21947, 0.000313
quick, 4300, 63949, 33213, 0.000267
dual, 4300, 47099, 23936, 0.000151
quick, 4300, 60922, 33647, 0.000278
dual, 4300, 89050, 23069, 0.000231
quick, 4300, 60579, 29806, 0.000278
dual, 4300, 80651, 23070, 0.000207
quick, 4300, 59777, 32443, 0.000307
dual, 4300, 68169, 23563, 0.000211
quick, 4300, 57910, 27926, 0.000274
dual, 4300, 118258, 22392, 0.000358
quick, 4300, 61420, 33808, 0.000257
dual, 4300, 58795, 22641, 0.000207
quick, 4300, 58835, 29105, 0.000251
dual, 4300, 78256, 25001, 0.000216
quick, 4400, 60004, 29692, 0.000255
dual, 4400, 69397, 23591, 0.000199
quick, 4400, 59663, 28989, 0.000284
dual, 4400, 101628, 25223, 0.000256
quick, 4400, 68817, 29757, 0.000256
dual, 4400, 56260, 23601, 0.000175
quick, 4400, 60515, 31937, 0.000259
dual, 4400, 83039, 24081, 0.000227
quick, 4400, 64807, 34696, 0.000265
dual, 4400, 73495, 23335, 0.000208
quick, 4400, 59881, 30333, 0.000260
dual, 4400, 125494, 22944, 0.000308
quick, 4400, 62493, 29255, 0.000256
dual, 4400, 56186, 23472, 0.000177
quick, 4400, 59283, 29335, 0.000254
dual, 4400, 47863, 23940, 0.000160
quick, 4400, 63643, 30772, 0.000261
dual, 4400, 77495, 22858, 0.000236
quick, 4400, 64164, 29875, 0.000256
dual, 4400, 46814, 22943, 0.000159
quick, 4500, 69618, 34303, 0.000268
dual, 4500, 75343, 23872, 0.000212
quick, 4500, 61951, 30318, 0.000262
dual, 4500, 59159, 25576, 0.000183
quick, 4500, 61766, 31252, 0.000264
dual, 4500, 67532, 25163, 0.000197
quick, 4500, 63427, 31087, 0.000308
dual, 4500, 98560, 24852, 0.000251
quick, 4500, 61339, 28919, 0.000287
dual, 4500, 85383, 25035, 0.000223
quick, 4500, 66669, 35630, 0.000270
dual, 4500, 53644, 24687, 0.000173
quick, 4500, 61232, 31853, 0.000267
dual, 4500, 98221, 24511, 0.000254
quick, 4500, 65104, 31450, 0.000263
dual, 4500, 156326, 24757, 0.000360
quick, 4500, 64408, 32234, 0.000281
dual, 4500, 111399, 24100, 0.000274
quick, 4500, 71405, 32792, 0.000272
dual, 4500, 99403, 25754, 0.000242
quick, 4600, 65337, 32903, 0.000273
dual, 4600, 46081, 25612, 0.000144
quick, 4600, 63720, 34603, 0.000285
dual, 4600, 67791, 24294, 0.000246
quick, 4600, 65426, 29030, 0.000273
dual, 4600, 82796, 25650, 0.000216
quick, 4600, 64786, 31156, 0.000272
dual, 4600, 73495, 25480, 0.000214
quick, 4600, 63947, 30555, 0.000272
dual, 4600, 92126, 25776, 0.000243
quick, 4600, 63690, 32327, 0.000269
dual, 4600, 68951, 25464, 0.000207
quick, 4600, 63229, 28117, 0.000273
dual, 4600, 104904, 24878, 0.000265
quick, 4600, 62536, 32147, 0.000271
dual, 4600, 91027, 24767, 0.000240
quick, 4600, 63911, 31628, 0.000271
dual, 4600, 81741, 24549, 0.000225
quick, 4600, 62586, 32526, 0.000272
dual, 4600, 105428, 25434, 0.000268
quick, 4700, 66318, 35102, 0.000276
dual, 4700, 79683, 25909, 0.000224
quick, 4700, 64044, 31220, 0.000292
dual, 4700, 59876, 24721, 0.000191
quick, 4700, 64395, 32499, 0.000307
dual, 4700, 60163, 25084, 0.000178
quick, 4700, 66155, 34693, 0.000291
dual, 4700, 102642, 25472, 0.000265
quick, 4700, 72804, 32118, 0.000278
dual, 4700, 71283, 26798, 0.000207
quick, 4700, 69013, 32536, 0.000284
dual, 4700, 94448, 26785, 0.000250
quick, 4700, 75422, 40873, 0.000289
dual, 4700, 70805, 26365, 0.000207
quick, 4700, 69802, 30769, 0.000275
dual, 4700, 126270, 25927, 0.000308
quick, 4700, 65106, 32146, 0.000329
dual, 4700, 78960, 25213, 0.000213
quick, 4700, 73000, 33183, 0.000297
dual, 4700, 111693, 25310, 0.000286
quick, 4800, 73484, 34952, 0.000284
dual, 4800, 100679, 26589, 0.000262
quick, 4800, 75242, 31477, 0.000299
dual, 4800, 87228, 27419, 0.000238
quick, 4800, 66574, 34309, 0.000284
dual, 4800, 62509, 26630, 0.000176
quick, 4800, 70014, 36698, 0.000350
dual, 4800, 72423, 26979, 0.000194
quick, 4800, 70895, 37695, 0.000297
dual, 4800, 114084, 25695, 0.000269
quick, 4800, 69539, 32782, 0.000293
dual, 4800, 76143, 25916, 0.000196
quick, 4800, 68981, 33817, 0.000342
dual, 4800, 82243, 27272, 0.000241
quick, 4800, 70705, 33548, 0.000286
dual, 4800, 63690, 27952, 0.000191
quick, 4800, 64794, 32358, 0.000349
dual, 4800, 106375, 27394, 0.000315
quick, 4800, 68283, 35979, 0.000314
dual, 4800, 46618, 25035, 0.000151
quick, 4900, 68584, 31834, 0.000363
dual, 4900, 107384, 26792, 0.000263
quick, 4900, 71172, 36782, 0.000304
dual, 4900, 78432, 26975, 0.000202
quick, 4900, 70825, 34383, 0.000297
dual, 4900, 116886, 26588, 0.000277
quick, 4900, 73087, 36471, 0.000304
dual, 4900, 97766, 26927, 0.000239
quick, 4900, 75040, 39289, 0.000311
dual, 4900, 55487, 28639, 0.000162
quick, 4900, 68880, 33520, 0.000322
dual, 4900, 107723, 27195, 0.000274
quick, 4900, 70161, 33486, 0.000302
dual, 4900, 107429, 26890, 0.000259
quick, 4900, 70750, 35298, 0.000298
dual, 4900, 95270, 29290, 0.000237
quick, 4900, 77535, 35807, 0.000308
dual, 4900, 64496, 27858, 0.000177
quick, 4900, 69568, 35934, 0.000296
dual, 4900, 97279, 26541, 0.000240
quick, 5000, 76148, 37513, 0.000306
dual, 5000, 71061, 28578, 0.000189
quick, 5000, 70742, 34260, 0.000308
dual, 5000, 81689, 29369, 0.000208
quick, 5000, 70394, 35714, 0.000301
dual, 5000, 111121, 28820, 0.000285
quick, 5000, 76272, 38495, 0.000299
dual, 5000, 120464, 28300, 0.000302
quick, 5000, 76962, 34451, 0.000303
dual, 5000, 56408, 28793, 0.000184
quick, 5000, 70941, 36704, 0.000321
dual, 5000, 101594, 29269, 0.000268
quick, 5000, 70374, 34313, 0.000336
dual, 5000, 154885, 28102, 0.000378
quick, 5000, 76943, 42113, 0.000306
dual, 5000, 74995, 27413, 0.000203
quick, 5000, 72403, 31491, 0.000295
dual, 5000, 130902, 28718, 0.000333
quick, 5000, 69031, 36224, 0.000297
dual, 5000, 104807, 27578, 0.000284
quick, 5100, 74022, 31733, 0.000317
dual, 5100, 62452, 29208, 0.000254
quick, 5100, 70870, 31415, 0.000366
dual, 5100, 73570, 30229, 0.000210
quick, 5100, 74767, 36548, 0.000326
dual, 5100, 88329, 29709, 0.000243
quick, 5100, 74343, 36515, 0.000313
dual, 5100, 128089, 29009, 0.000303
quick, 5100, 72804, 35597, 0.000304
dual, 5100, 57087, 28846, 0.000170
quick, 5100, 76762, 37268, 0.000304
dual, 5100, 93285, 29532, 0.000253
quick, 5100, 75800, 32899, 0.000300
dual, 5100, 142932, 28719, 0.000344
quick, 5100, 79181, 39464, 0.000303
dual, 5100, 76308, 27967, 0.000220
quick, 5100, 72785, 38169, 0.000304
dual, 5100, 65777, 27590, 0.000201
quick, 5100, 76212, 38813, 0.000306
dual, 5100, 132109, 27939, 0.000325
quick, 5200, 76237, 37614, 0.000315
dual, 5200, 52980, 29340, 0.000181
quick, 5200, 72896, 33730, 0.000317
dual, 5200, 58171, 29534, 0.000191
quick, 5200, 71408, 33885, 0.000336
dual, 5200, 85195, 30469, 0.000233
quick, 5200, 75270, 36888, 0.000311
dual, 5200, 67749, 28548, 0.000207
quick, 5200, 79620, 41838, 0.000310
dual, 5200, 83994, 29415, 0.000260
quick, 5200, 78313, 37393, 0.000308
dual, 5200, 95860, 30817, 0.000260
quick, 5200, 76098, 36368, 0.000314
dual, 5200, 84804, 30137, 0.000238
quick, 5200, 75594, 36894, 0.000368
dual, 5200, 125084, 29134, 0.000298
quick, 5200, 74337, 41240, 0.000329
dual, 5200, 115578, 29857, 0.000301
quick, 5200, 74024, 39143, 0.000307
dual, 5200, 53506, 30020, 0.000167
quick, 5300, 80258, 35016, 0.000380
dual, 5300, 128373, 30257, 0.000305
quick, 5300, 79223, 39397, 0.000443
dual, 5300, 54581, 30428, 0.000263
quick, 5300, 80699, 33088, 0.000349
dual, 5300, 102802, 31179, 0.000271
quick, 5300, 85178, 40065, 0.000328
dual, 5300, 86981, 31231, 0.000244
quick, 5300, 80557, 38658, 0.000317
dual, 5300, 112419, 30355, 0.000290
quick, 5300, 82528, 39547, 0.000327
dual, 5300, 90063, 29062, 0.000248
quick, 5300, 73936, 35288, 0.000313
dual, 5300, 107952, 31152, 0.000289
quick, 5300, 76007, 37104, 0.000357
dual, 5300, 75668, 30568, 0.000220
quick, 5300, 79487, 33638, 0.000344
dual, 5300, 123000, 30329, 0.000348
quick, 5300, 76966, 35644, 0.000315
dual, 5300, 60697, 31441, 0.000187
quick, 5400, 78541, 41324, 0.000323
dual, 5400, 66911, 31545, 0.000211
quick, 5400, 73936, 36960, 0.000323
dual, 5400, 109158, 30850, 0.000287
quick, 5400, 88385, 41757, 0.000342
dual, 5400, 108965, 30631, 0.000285
quick, 5400, 79526, 36446, 0.000379
dual, 5400, 61827, 31914, 0.000190
quick, 5400, 76144, 37262, 0.000337
dual, 5400, 114162, 30550, 0.000297
quick, 5400, 81171, 41067, 0.000326
dual, 5400, 92295, 30054, 0.000256
quick, 5400, 76657, 37584, 0.000324
dual, 5400, 178499, 30449, 0.000414
quick, 5400, 79356, 39663, 0.000325
dual, 5400, 115193, 31594, 0.000294
quick, 5400, 79394, 35073, 0.000321
dual, 5400, 66850, 31514, 0.000196
quick, 5400, 78445, 40802, 0.000403
dual, 5400, 77725, 31522, 0.000259
quick, 5500, 80805, 42064, 0.000335
dual, 5500, 99781, 30702, 0.000290
quick, 5500, 79803, 33855, 0.000492
dual, 5500, 79438, 32409, 0.000223
quick, 5500, 78786, 37678, 0.000344
dual, 5500, 69963, 33911, 0.000211
quick, 5500, 78170, 37269, 0.000364
dual, 5500, 79028, 32075, 0.000230
quick, 5500, 77766, 39226, 0.000329
dual, 5500, 85214, 32509, 0.000235
quick, 5500, 82553, 38777, 0.000330
dual, 5500, 63522, 32903, 0.000204
quick, 5500, 79825, 38657, 0.000332
dual, 5500, 127385, 31152, 0.000319
quick, 5500, 82831, 33190, 0.000330
dual, 5500, 67786, 31673, 0.000212
quick, 5500, 84876, 43323, 0.000395
dual, 5500, 84579, 32127, 0.000238
quick, 5500, 77419, 38081, 0.000346
dual, 5500, 132009, 30440, 0.000330
quick, 5600, 85196, 43316, 0.000336
dual, 5600, 72164, 35258, 0.000241
quick, 5600, 82464, 37651, 0.000337
dual, 5600, 103136, 32808, 0.000276
quick, 5600, 83216, 41345, 0.000337
dual, 5600, 130345, 32426, 0.000330
quick, 5600, 85532, 41652, 0.000343
dual, 5600, 152896, 32696, 0.000370
quick, 5600, 84976, 42886, 0.000340
dual, 5600, 96099, 31300, 0.000284
quick, 5600, 83971, 41702, 0.000334
dual, 5600, 68598, 31884, 0.000199
quick, 5600, 81854, 42657, 0.000343
dual, 5600, 74336, 31951, 0.000209
quick, 5600, 85755, 43760, 0.000403
dual, 5600, 84217, 30776, 0.000315
quick, 5600, 86988, 47254, 0.000434
dual, 5600, 112635, 31253, 0.000307
quick, 5600, 86711, 39960, 0.000383
dual, 5600, 74296, 31945, 0.000210
quick, 5700, 83387, 36763, 0.000402
dual, 5700, 76704, 33438, 0.000232
quick, 5700, 88003, 43495, 0.000349
dual, 5700, 105477, 33845, 0.000286
quick, 5700, 83193, 37376, 0.000346
dual, 5700, 154235, 31742, 0.000372
quick, 5700, 87619, 43491, 0.000383
dual, 5700, 86606, 32042, 0.000243
quick, 5700, 99218, 49374, 0.000358
dual, 5700, 105724, 34394, 0.000291
quick, 5700, 88001, 44917, 0.000344
dual, 5700, 212299, 33492, 0.000479
quick, 5700, 90058, 38574, 0.000350
dual, 5700, 99548, 33764, 0.000272
quick, 5700, 82481, 35884, 0.000342
dual, 5700, 131529, 31602, 0.000333
quick, 5700, 81915, 41058, 0.000343
dual, 5700, 64074, 32267, 0.000206
quick, 5700, 85655, 43484, 0.000343
dual, 5700, 87489, 32876, 0.000249
quick, 5800, 80848, 38944, 0.000349
dual, 5800, 59954, 33283, 0.000201
quick, 5800, 90408, 46245, 0.000359
dual, 5800, 100826, 33754, 0.000278
quick, 5800, 85155, 39596, 0.000374
dual, 5800, 66481, 34299, 0.000210
quick, 5800, 88630, 44891, 0.000391
dual, 5800, 60025, 33539, 0.000189
quick, 5800, 87316, 41585, 0.000354
dual, 5800, 116874, 32522, 0.000308
quick, 5800, 83870, 41770, 0.000506
dual, 5800, 135857, 34176, 0.000441
quick, 5800, 86288, 41765, 0.000455
dual, 5800, 76043, 32064, 0.000216
quick, 5800, 86605, 41095, 0.000385
dual, 5800, 94779, 33677, 0.000261
quick, 5800, 82314, 37375, 0.000370
dual, 5800, 100382, 33255, 0.000259
quick, 5800, 87175, 42654, 0.000349
dual, 5800, 124210, 34082, 0.000318
quick, 5900, 86232, 43576, 0.000356
dual, 5900, 126807, 34873, 0.000325
quick, 5900, 96107, 54517, 0.000374
dual, 5900, 86221, 35628, 0.000249
quick, 5900, 100284, 47039, 0.000367
dual, 5900, 61430, 34454, 0.000204
quick, 5900, 94063, 45142, 0.000361
dual, 5900, 109491, 35336, 0.000291
quick, 5900, 93503, 45652, 0.000356
dual, 5900, 103374, 34990, 0.000279
quick, 5900, 90618, 43885, 0.000368
dual, 5900, 62162, 34981, 0.000192
quick, 5900, 102306, 50596, 0.000406
dual, 5900, 77765, 32960, 0.000230
quick, 5900, 87106, 39910, 0.000399
dual, 5900, 168747, 35968, 0.000431
quick, 5900, 87313, 43271, 0.000359
dual, 5900, 71667, 32845, 0.000211
quick, 5900, 93563, 46253, 0.000361
dual, 5900, 120691, 34621, 0.000312
quick, 6000, 91377, 40018, 0.000367
dual, 6000, 76318, 36691, 0.000234
quick, 6000, 88956, 39133, 0.000364
dual, 6000, 88723, 36966, 0.000256
quick, 6000, 96925, 49646, 0.000370
dual, 6000, 127801, 34372, 0.000371
quick, 6000, 86915, 41003, 0.000433
dual, 6000, 121018, 33589, 0.000303
quick, 6000, 98816, 48097, 0.000401
dual, 6000, 80693, 35159, 0.000262
quick, 6000, 92080, 44245, 0.000370
dual, 6000, 139517, 34172, 0.000334
quick, 6000, 89786, 47644, 0.000408
dual, 6000, 127688, 34166, 0.000309
quick, 6000, 90741, 39384, 0.000410
dual, 6000, 98062, 34567, 0.000264
quick, 6000, 85261, 44596, 0.000360
dual, 6000, 82374, 36894, 0.000244
quick, 6000, 90674, 48866, 0.000371
dual, 6000, 80466, 34842, 0.000261
quick, 6100, 91825, 41843, 0.000434
dual, 6100, 65715, 37517, 0.000206
quick, 6100, 87283, 43396, 0.000451
dual, 6100, 136864, 35558, 0.000330
quick, 6100, 93686, 47208, 0.000378
dual, 6100, 64839, 36759, 0.000213
quick, 6100, 91071, 47853, 0.000374
dual, 6100, 117884, 34955, 0.000314
quick, 6100, 94144, 49192, 0.000370
dual, 6100, 83655, 37218, 0.000247
quick, 6100, 94245, 37696, 0.000397
dual, 6100, 118266, 35272, 0.000311
quick, 6100, 88940, 43534, 0.000388
dual, 6100, 130067, 35167, 0.000331
quick, 6100, 89306, 41866, 0.000452
dual, 6100, 108163, 37366, 0.000274
quick, 6100, 94088, 44055, 0.000375
dual, 6100, 129600, 34360, 0.000330
quick, 6100, 97837, 50473, 0.000376
dual, 6100, 94897, 36522, 0.000267
quick, 6200, 94342, 44778, 0.000378
dual, 6200, 113460, 35158, 0.000301
quick, 6200, 101373, 44601, 0.000383
dual, 6200, 134718, 37956, 0.000342
quick, 6200, 95270, 49982, 0.000375
dual, 6200, 90550, 37096, 0.000260
quick, 6200, 93454, 43778, 0.000401
dual, 6200, 64849, 36237, 0.000226
quick, 6200, 94323, 38922, 0.000422
dual, 6200, 104259, 38386, 0.000291
quick, 6200, 94395, 39010, 0.000393
dual, 6200, 122639, 38427, 0.000309
quick, 6200, 94340, 49057, 0.000379
dual, 6200, 141039, 38260, 0.000368
quick, 6200, 102116, 52477, 0.000382
dual, 6200, 70599, 35817, 0.000230
quick, 6200, 101074, 44623, 0.000408
dual, 6200, 114557, 36501, 0.000314
quick, 6200, 86835, 39935, 0.000407
dual, 6200, 77972, 36963, 0.000235
quick, 6300, 98777, 45848, 0.000382
dual, 6300, 92507, 38173, 0.000267
quick, 6300, 88815, 42593, 0.000380
dual, 6300, 135941, 37817, 0.000346
quick, 6300, 98533, 45185, 0.000386
dual, 6300, 68612, 39441, 0.000223
quick, 6300, 96124, 47190, 0.000381
dual, 6300, 137615, 39499, 0.000350
quick, 6300, 96395, 48160, 0.000386
dual, 6300, 110957, 37742, 0.000282
quick, 6300, 93578, 46565, 0.000381
dual, 6300, 141545, 36973, 0.000354
quick, 6300, 92141, 48921, 0.000383
dual, 6300, 128778, 36738, 0.000331
quick, 6300, 91985, 43227, 0.000385
dual, 6300, 104731, 37916, 0.000329
quick, 6300, 98270, 52474, 0.000430
dual, 6300, 91445, 37038, 0.000263
quick, 6300, 91762, 42583, 0.000378
dual, 6300, 85541, 37605, 0.000257
quick, 6400, 97215, 51722, 0.000397
dual, 6400, 94602, 39313, 0.000269
quick, 6400, 95948, 48862, 0.000389
dual, 6400, 137974, 38192, 0.000334
quick, 6400, 92462, 44173, 0.000410
dual, 6400, 80738, 38307, 0.000231
quick, 6400, 95693, 44539, 0.000422
dual, 6400, 151720, 39236, 0.000381
quick, 6400, 101502, 41746, 0.000387
dual, 6400, 98821, 37049, 0.000286
quick, 6400, 99028, 55998, 0.000465
dual, 6400, 100580, 38894, 0.000281
quick, 6400, 95648, 45374, 0.000386
dual, 6400, 74269, 38221, 0.000257
quick, 6400, 95465, 44540, 0.000395
dual, 6400, 92549, 36994, 0.000271
quick, 6400, 96622, 49751, 0.000389
dual, 6400, 88395, 39624, 0.000260
quick, 6400, 98690, 48921, 0.000389
dual, 6400, 100161, 38283, 0.000266
quick, 6500, 97588, 38828, 0.000387
dual, 6500, 122423, 40289, 0.000350
quick, 6500, 96613, 47774, 0.000430
dual, 6500, 107666, 38674, 0.000299
quick, 6500, 102001, 46739, 0.000438
dual, 6500, 96334, 40250, 0.000273
quick, 6500, 105814, 50480, 0.000404
dual, 6500, 205438, 39380, 0.000474
quick, 6500, 96994, 50797, 0.000397
dual, 6500, 94939, 38777, 0.000256
quick, 6500, 102112, 48135, 0.000391
dual, 6500, 76116, 39363, 0.000242
quick, 6500, 103168, 47329, 0.000432
dual, 6500, 114985, 39421, 0.000318
quick, 6500, 98577, 47763, 0.000392
dual, 6500, 70355, 40200, 0.000231
quick, 6500, 99087, 43953, 0.000397
dual, 6500, 166852, 39436, 0.000404
quick, 6500, 98405, 39917, 0.000382
dual, 6500, 153401, 39030, 0.000385
quick, 6600, 97446, 46602, 0.000399
dual, 6600, 91371, 40654, 0.000254
quick, 6600, 102382, 47426, 0.000464
dual, 6600, 97135, 39997, 0.000279
quick, 6600, 93016, 40864, 0.000442
dual, 6600, 96235, 38991, 0.000280
quick, 6600, 96067, 46764, 0.000399
dual, 6600, 78336, 40964, 0.000260
quick, 6600, 105418, 55847, 0.000452
dual, 6600, 79597, 42054, 0.000247
quick, 6600, 102537, 45858, 0.000417
dual, 6600, 107835, 37547, 0.000297
quick, 6600, 99606, 49518, 0.000401
dual, 6600, 137646, 40914, 0.000354
quick, 6600, 101237, 50548, 0.000400
dual, 6600, 137779, 41226, 0.000356
quick, 6600, 99317, 47253, 0.000407
dual, 6600, 85752, 41998, 0.000282
quick, 6600, 98528, 50888, 0.000449
dual, 6600, 195105, 39501, 0.000456
quick, 6700, 102977, 44593, 0.000408
dual, 6700, 93137, 41709, 0.000271
quick, 6700, 105500, 54610, 0.000411
dual, 6700, 119883, 41762, 0.000321
quick, 6700, 100981, 52990, 0.000409
dual, 6700, 151435, 40101, 0.000377
quick, 6700, 105067, 44358, 0.000405
dual, 6700, 83737, 39016, 0.000253
quick, 6700, 101841, 50606, 0.000409
dual, 6700, 144572, 39692, 0.000365
quick, 6700, 112282, 59803, 0.000414
dual, 6700, 117361, 39265, 0.000316
quick, 6700, 108695, 52475, 0.000454
dual, 6700, 145025, 40362, 0.000399
quick, 6700, 103085, 49938, 0.000449
dual, 6700, 84860, 40254, 0.000256
quick, 6700, 108313, 46271, 0.000409
dual, 6700, 184251, 39517, 0.000424
quick, 6700, 105027, 50370, 0.000412
dual, 6700, 77363, 39410, 0.000302
quick, 6800, 101985, 45479, 0.000445
dual, 6800, 113903, 41423, 0.000354
quick, 6800, 107314, 46346, 0.000453
dual, 6800, 141640, 42020, 0.000369
quick, 6800, 107226, 56024, 0.000415
dual, 6800, 100990, 41982, 0.000288
quick, 6800, 113610, 55688, 0.000482
dual, 6800, 139995, 40459, 0.000341
quick, 6800, 105392, 46657, 0.000412
dual, 6800, 126954, 40740, 0.000338
quick, 6800, 110813, 43272, 0.000417
dual, 6800, 121769, 42415, 0.000317
quick, 6800, 105816, 47633, 0.000419
dual, 6800, 101877, 42806, 0.000291
quick, 6800, 113166, 46864, 0.000469
dual, 6800, 100113, 41236, 0.000287
quick, 6800, 113744, 50361, 0.000423
dual, 6800, 120237, 41124, 0.000323
quick, 6800, 106107, 50686, 0.000454
dual, 6800, 101384, 42403, 0.000288
quick, 6900, 109733, 52870, 0.000408
dual, 6900, 150873, 42863, 0.000379
quick, 6900, 107769, 52489, 0.000411
dual, 6900, 80897, 41672, 0.000270
quick, 6900, 99313, 44255, 0.000418
dual, 6900, 95550, 42585, 0.000286
quick, 6900, 105006, 50884, 0.000426
dual, 6900, 121966, 41436, 0.000346
quick, 6900, 106980, 46787, 0.000413
dual, 6900, 74449, 42163, 0.000260
quick, 6900, 108661, 50512, 0.000434
dual, 6900, 96367, 43352, 0.000319
quick, 6900, 108710, 49725, 0.000420
dual, 6900, 81396, 42059, 0.000252
quick, 6900, 109012, 48934, 0.000416
dual, 6900, 73997, 41658, 0.000240
quick, 6900, 109750, 52536, 0.000423
dual, 6900, 73395, 41001, 0.000238
quick, 6900, 106929, 54072, 0.000418
dual, 6900, 87455, 41486, 0.000263
quick, 7000, 114022, 54407, 0.000438
dual, 7000, 81488, 41721, 0.000276
quick, 7000, 105725, 52828, 0.000463
dual, 7000, 90401, 43711, 0.000288
quick, 7000, 107039, 49218, 0.000471
dual, 7000, 89592, 42759, 0.000251
quick, 7000, 105712, 51066, 0.000438
dual, 7000, 95793, 41906, 0.000262
quick, 7000, 114740, 58679, 0.000446
dual, 7000, 139098, 43310, 0.000343
quick, 7000, 110564, 53715, 0.000441
dual, 7000, 87532, 40510, 0.000243
quick, 7000, 108250, 52123, 0.000471
dual, 7000, 76753, 43714, 0.000242
quick, 7000, 112030, 45687, 0.000448
dual, 7000, 151503, 41893, 0.000385
quick, 7000, 110634, 53515, 0.000445
dual, 7000, 76235, 43270, 0.000244
quick, 7000, 119219, 51151, 0.000502
dual, 7000, 110880, 43150, 0.000323
quick, 7100, 118385, 53040, 0.000510
dual, 7100, 98337, 43653, 0.000296
quick, 7100, 121081, 60203, 0.000466
dual, 7100, 97850, 43167, 0.000278
quick, 7100, 110284, 47680, 0.000437
dual, 7100, 230746, 41922, 0.000512
quick, 7100, 108095, 57040, 0.000475
dual, 7100, 91187, 43522, 0.000271
quick, 7100, 106575, 46475, 0.000495
dual, 7100, 100416, 45767, 0.000290
quick, 7100, 114647, 48797, 0.000437
dual, 7100, 148516, 44235, 0.000377
quick, 7100, 112318, 44160, 0.000437
dual, 7100, 85506, 45077, 0.000264
quick, 7100, 105283, 46278, 0.000426
dual, 7100, 148620, 44104, 0.000380
quick, 7100, 107931, 49684, 0.000483
dual, 7100, 90570, 42974, 0.000275
quick, 7100, 110391, 54116, 0.000430
dual, 7100, 154749, 43598, 0.000387
quick, 7200, 109388, 53851, 0.000444
dual, 7200, 158323, 45347, 0.000497
quick, 7200, 120763, 56187, 0.000454
dual, 7200, 179797, 45322, 0.000433
quick, 7200, 109687, 53633, 0.000436
dual, 7200, 187601, 46053, 0.000452
quick, 7200, 110579, 45909, 0.000441
dual, 7200, 101654, 46270, 0.000292
quick, 7200, 107652, 49794, 0.000442
dual, 7200, 242671, 44070, 0.000611
quick, 7200, 114503, 52096, 0.000490
dual, 7200, 100489, 45066, 0.000302
quick, 7200, 112121, 48080, 0.000438
dual, 7200, 115403, 45581, 0.000321
quick, 7200, 108622, 50635, 0.000434
dual, 7200, 87876, 46803, 0.000253
quick, 7200, 112386, 52511, 0.000461
dual, 7200, 157962, 45142, 0.000423
quick, 7200, 110705, 53030, 0.000500
dual, 7200, 108402, 45718, 0.000306
quick, 7300, 112330, 48529, 0.000449
dual, 7300, 88825, 47341, 0.000274
quick, 7300, 116499, 52764, 0.000450
dual, 7300, 87648, 45890, 0.000293
quick, 7300, 114872, 56388, 0.000454
dual, 7300, 114714, 43372, 0.000323
quick, 7300, 112131, 53518, 0.000447
dual, 7300, 116903, 45857, 0.000324
quick, 7300, 114154, 51101, 0.000465
dual, 7300, 101983, 45703, 0.000305
quick, 7300, 114643, 52708, 0.000452
dual, 7300, 138574, 45831, 0.000346
quick, 7300, 112005, 53854, 0.000451
dual, 7300, 108778, 45217, 0.000302
quick, 7300, 112336, 56969, 0.000492
dual, 7300, 109303, 45902, 0.000308
quick, 7300, 114024, 56933, 0.000446
dual, 7300, 80209, 45764, 0.000242
quick, 7300, 112955, 51815, 0.000452
dual, 7300, 103214, 46940, 0.000308
quick, 7400, 124848, 58232, 0.000460
dual, 7400, 119495, 47538, 0.000354
quick, 7400, 114027, 58953, 0.000456
dual, 7400, 126097, 46758, 0.000334
quick, 7400, 116072, 50915, 0.000463
dual, 7400, 141358, 47279, 0.000380
quick, 7400, 116023, 57364, 0.000491
dual, 7400, 133687, 46911, 0.000421
quick, 7400, 118364, 47403, 0.000477
dual, 7400, 145673, 44337, 0.000363
quick, 7400, 116981, 60697, 0.000460
dual, 7400, 170292, 46722, 0.000446
quick, 7400, 126473, 60294, 0.000469
dual, 7400, 139792, 45847, 0.000367
quick, 7400, 115024, 51450, 0.000459
dual, 7400, 97016, 47341, 0.000288
quick, 7400, 114355, 55058, 0.000515
dual, 7400, 150180, 48654, 0.000398
quick, 7400, 112005, 49108, 0.000512
dual, 7400, 126432, 47279, 0.000331
quick, 7500, 115853, 57502, 0.000462
dual, 7500, 104324, 46262, 0.000301
quick, 7500, 117026, 53394, 0.000504
dual, 7500, 104693, 46600, 0.000306
quick, 7500, 118516, 58237, 0.000475
dual, 7500, 89761, 46639, 0.000283
quick, 7500, 120642, 60047, 0.000493
dual, 7500, 171946, 46706, 0.000409
quick, 7500, 121550, 62741, 0.000469
dual, 7500, 141509, 46076, 0.000369
quick, 7500, 113169, 51192, 0.000456
dual, 7500, 98985, 48423, 0.000293
quick, 7500, 117822, 51460, 0.000461
dual, 7500, 126233, 46024, 0.000351
quick, 7500, 117214, 50599, 0.000466
dual, 7500, 103924, 46073, 0.000297
quick, 7500, 112924, 57471, 0.000504
dual, 7500, 105081, 47122, 0.000289
quick, 7500, 118066, 51516, 0.000587
dual, 7500, 112778, 47369, 0.000346
quick, 7600, 122550, 54355, 0.000519
dual, 7600, 158997, 47173, 0.000447
quick, 7600, 117974, 54884, 0.000463
dual, 7600, 106828, 47911, 0.000307
quick, 7600, 113829, 53130, 0.000465
dual, 7600, 97953, 46818, 0.000291
quick, 7600, 114848, 55693, 0.000459
dual, 7600, 145024, 48219, 0.000425
quick, 7600, 112999, 53308, 0.000495
dual, 7600, 132851, 51348, 0.000350
quick, 7600, 115345, 54201, 0.000466
dual, 7600, 115850, 49532, 0.000326
quick, 7600, 118896, 49076, 0.000460
dual, 7600, 84014, 48094, 0.000268
quick, 7600, 116612, 48764, 0.000457
dual, 7600, 91065, 47602, 0.000261
quick, 7600, 122088, 53729, 0.000478
dual, 7600, 106940, 47941, 0.000307
quick, 7600, 118303, 54046, 0.000470
dual, 7600, 211789, 47251, 0.000507
quick, 7700, 117342, 57842, 0.000538
dual, 7700, 162831, 49431, 0.000410
quick, 7700, 116178, 56123, 0.000520
dual, 7700, 85055, 48735, 0.000266
quick, 7700, 114070, 50243, 0.000497
dual, 7700, 130438, 47936, 0.000372
quick, 7700, 126809, 59530, 0.000560
dual, 7700, 102197, 50498, 0.000303
quick, 7700, 120272, 53260, 0.000479
dual, 7700, 177467, 48810, 0.000435
quick, 7700, 131374, 64069, 0.000540
dual, 7700, 101922, 50099, 0.000299
quick, 7700, 123681, 56785, 0.000479
dual, 7700, 169297, 48224, 0.000422
quick, 7700, 118037, 57637, 0.000467
dual, 7700, 101557, 49543, 0.000300
quick, 7700, 118457, 53528, 0.000472
dual, 7700, 92549, 47870, 0.000282
quick, 7700, 114858, 52164, 0.000481
dual, 7700, 107906, 48350, 0.000311
quick, 7800, 128103, 61843, 0.000493
dual, 7800, 127635, 51635, 0.000346
quick, 7800, 123385, 61044, 0.000478
dual, 7800, 117550, 49298, 0.000329
quick, 7800, 129551, 61001, 0.000538
dual, 7800, 101592, 48993, 0.000333
quick, 7800, 121192, 61345, 0.000533
dual, 7800, 91359, 46423, 0.000279
quick, 7800, 121150, 56256, 0.000471
dual, 7800, 240786, 48320, 0.000554
quick, 7800, 120720, 51423, 0.000487
dual, 7800, 119860, 51454, 0.000335
quick, 7800, 120748, 50218, 0.000478
dual, 7800, 93154, 48234, 0.000289
quick, 7800, 123579, 59830, 0.000525
dual, 7800, 87325, 50459, 0.000280
quick, 7800, 128311, 61449, 0.000526
dual, 7800, 110070, 49430, 0.000300
quick, 7800, 122061, 53074, 0.000596
dual, 7800, 103177, 50447, 0.000296
quick, 7900, 126962, 63987, 0.000602
dual, 7900, 134768, 49890, 0.000402
quick, 7900, 122680, 53091, 0.000475
dual, 7900, 94931, 49422, 0.000288
quick, 7900, 120017, 51911, 0.000491
dual, 7900, 126135, 48868, 0.000347
quick, 7900, 122136, 51927, 0.000528
dual, 7900, 96057, 50573, 0.000294
quick, 7900, 125208, 56677, 0.000485
dual, 7900, 104105, 50558, 0.000306
quick, 7900, 126623, 59035, 0.000492
dual, 7900, 109469, 48250, 0.000338
quick, 7900, 122556, 63173, 0.000496
dual, 7900, 135650, 50589, 0.000348
quick, 7900, 140392, 64742, 0.000566
dual, 7900, 206289, 50491, 0.000492
quick, 7900, 133269, 51694, 0.000499
dual, 7900, 135273, 50305, 0.000362
quick, 7900, 130050, 54678, 0.000482
dual, 7900, 158497, 50045, 0.000406
quick, 8000, 122624, 53056, 0.000486
dual, 8000, 114438, 52518, 0.000346
quick, 8000, 125333, 60384, 0.000517
dual, 8000, 200784, 51017, 0.000481
quick, 8000, 150222, 68376, 0.000544
dual, 8000, 136567, 50551, 0.000428
quick, 8000, 124285, 53305, 0.000601
dual, 8000, 153908, 51686, 0.000523
quick, 8000, 137343, 65448, 0.000538
dual, 8000, 135808, 49964, 0.000385
quick, 8000, 128666, 61737, 0.000499
dual, 8000, 171594, 53604, 0.000415
quick, 8000, 131516, 66893, 0.000501
dual, 8000, 123028, 52992, 0.000355
quick, 8000, 141138, 66908, 0.000562
dual, 8000, 153406, 51512, 0.000400
quick, 8000, 138521, 64974, 0.000510
dual, 8000, 111997, 49996, 0.000353
quick, 8000, 127975, 56979, 0.000495
dual, 8000, 95064, 49014, 0.000278
quick, 8100, 126713, 58487, 0.000503
dual, 8100, 97418, 50830, 0.000307
quick, 8100, 123962, 55547, 0.000504
dual, 8100, 99084, 52105, 0.000300
quick, 8100, 129955, 64612, 0.000489
dual, 8100, 188396, 52665, 0.000459
quick, 8100, 125122, 57646, 0.000526
dual, 8100, 96963, 50110, 0.000285
quick, 8100, 129828, 59325, 0.000548
dual, 8100, 97013, 50460, 0.000291
quick, 8100, 133012, 58553, 0.000547
dual, 8100, 151742, 48627, 0.000465
quick, 8100, 127548, 62577, 0.000552
dual, 8100, 115102, 51960, 0.000324
quick, 8100, 125749, 55109, 0.000528
dual, 8100, 96999, 50165, 0.000296
quick, 8100, 131587, 61123, 0.000519
dual, 8100, 138409, 51316, 0.000354
quick, 8100, 121790, 58995, 0.000499
dual, 8100, 146146, 50877, 0.000383
quick, 8200, 126403, 54952, 0.000503
dual, 8200, 117123, 53190, 0.000331
quick, 8200, 135039, 56172, 0.000509
dual, 8200, 148248, 51714, 0.000384
quick, 8200, 131725, 61832, 0.000509
dual, 8200, 182053, 52962, 0.000462
quick, 8200, 137522, 65572, 0.000510
dual, 8200, 205150, 51547, 0.000478
quick, 8200, 134277, 65222, 0.000567
dual, 8200, 125868, 53878, 0.000357
quick, 8200, 136570, 68715, 0.000530
dual, 8200, 93740, 54501, 0.000291
quick, 8200, 131551, 62807, 0.000496
dual, 8200, 148739, 52132, 0.000385
quick, 8200, 129897, 56190, 0.000496
dual, 8200, 88606, 49256, 0.000358
quick, 8200, 131921, 63768, 0.000537
dual, 8200, 94154, 54932, 0.000290
quick, 8200, 127363, 64144, 0.000534
dual, 8200, 110062, 54506, 0.000349
quick, 8300, 134098, 66256, 0.000764
dual, 8300, 125729, 52881, 0.000367
quick, 8300, 130561, 63731, 0.000519
dual, 8300, 149061, 51220, 0.000377
quick, 8300, 132513, 54430, 0.000514
dual, 8300, 117777, 53248, 0.000334
quick, 8300, 128549, 57761, 0.000504
dual, 8300, 125005, 52150, 0.000348
quick, 8300, 155103, 78931, 0.000578
dual, 8300, 109570, 53374, 0.000360
quick, 8300, 130095, 61483, 0.000611
dual, 8300, 102569, 54299, 0.000294
quick, 8300, 139661, 54867, 0.000518
dual, 8300, 91645, 51845, 0.000273
quick, 8300, 135153, 67012, 0.000518
dual, 8300, 94416, 54279, 0.000290
quick, 8300, 128355, 52914, 0.000506
dual, 8300, 116916, 52140, 0.000391
quick, 8300, 129349, 57153, 0.000533
dual, 8300, 126657, 53829, 0.000354
quick, 8400, 128015, 56863, 0.000516
dual, 8400, 171397, 55646, 0.000461
quick, 8400, 136968, 61664, 0.000556
dual, 8400, 120537, 55112, 0.000331
quick, 8400, 137147, 64799, 0.000577
dual, 8400, 103803, 55133, 0.000307
quick, 8400, 132314, 58544, 0.000582
dual, 8400, 110741, 53634, 0.000379
quick, 8400, 134245, 59966, 0.000568
dual, 8400, 127443, 53690, 0.000344
quick, 8400, 128289, 58835, 0.000568
dual, 8400, 187826, 55575, 0.000513
quick, 8400, 130504, 57372, 0.000511
dual, 8400, 110389, 53181, 0.000326
quick, 8400, 128503, 56679, 0.000526
dual, 8400, 208340, 50617, 0.000500
quick, 8400, 132223, 58848, 0.000533
dual, 8400, 188247, 55810, 0.000493
quick, 8400, 137690, 62540, 0.000532
dual, 8400, 144445, 54065, 0.000384
quick, 8500, 133106, 62242, 0.000525
dual, 8500, 147783, 55901, 0.000393
quick, 8500, 145328, 57761, 0.000524
dual, 8500, 136811, 53521, 0.000375
quick, 8500, 134134, 58204, 0.000527
dual, 8500, 156381, 56242, 0.000432
quick, 8500, 142205, 67770, 0.000549
dual, 8500, 190716, 56515, 0.000456
quick, 8500, 135338, 64370, 0.000562
dual, 8500, 145861, 54246, 0.000411
quick, 8500, 144182, 69893, 0.000571
dual, 8500, 164801, 56092, 0.000412
quick, 8500, 145033, 60098, 0.000546
dual, 8500, 122293, 55808, 0.000432
quick, 8500, 131122, 58947, 0.000622
dual, 8500, 130513, 55905, 0.000355
quick, 8500, 131928, 61920, 0.000591
dual, 8500, 148472, 56672, 0.000418
quick, 8500, 135093, 62957, 0.000534
dual, 8500, 139875, 56428, 0.000390
quick, 8600, 135706, 57889, 0.000522
dual, 8600, 131943, 56017, 0.000364
quick, 8600, 138475, 63365, 0.000542
dual, 8600, 123448, 56389, 0.000348
quick, 8600, 138622, 56845, 0.000532
dual, 8600, 122191, 55143, 0.000347
quick, 8600, 149834, 75120, 0.000544
dual, 8600, 113288, 54799, 0.000330
quick, 8600, 144920, 67614, 0.000548
dual, 8600, 183076, 55853, 0.000490
quick, 8600, 146018, 76306, 0.000681
dual, 8600, 156556, 55003, 0.000401
quick, 8600, 139870, 64934, 0.000533
dual, 8600, 154270, 52864, 0.000405
quick, 8600, 142737, 67757, 0.000539
dual, 8600, 200428, 56243, 0.000494
quick, 8600, 132680, 62113, 0.000681
dual, 8600, 139538, 55143, 0.000468
quick, 8600, 144062, 69523, 0.000646
dual, 8600, 208172, 55365, 0.000494
quick, 8700, 137992, 57729, 0.000525
dual, 8700, 114784, 55540, 0.000332
quick, 8700, 145199, 57808, 0.000529
dual, 8700, 126526, 58529, 0.000353
quick, 8700, 141145, 61170, 0.000528
dual, 8700, 160868, 58192, 0.000431
quick, 8700, 157395, 76021, 0.000557
dual, 8700, 219439, 55889, 0.000526
quick, 8700, 135029, 57763, 0.000612
dual, 8700, 143701, 58387, 0.000402
quick, 8700, 140828, 57696, 0.000540
dual, 8700, 134076, 57430, 0.000369
quick, 8700, 133024, 59671, 0.000542
dual, 8700, 168298, 56922, 0.000433
quick, 8700, 136901, 62251, 0.000545
dual, 8700, 160250, 57693, 0.000418
quick, 8700, 145895, 68105, 0.000611
dual, 8700, 175293, 55209, 0.000446
quick, 8700, 139093, 70265, 0.000543
dual, 8700, 160968, 58242, 0.000401
quick, 8800, 147120, 65727, 0.000559
dual, 8800, 223070, 57848, 0.000564
quick, 8800, 142274, 57224, 0.000632
dual, 8800, 145417, 58974, 0.000432
quick, 8800, 150373, 63655, 0.000561
dual, 8800, 117396, 57459, 0.000328
quick, 8800, 143902, 57454, 0.000709
dual, 8800, 150436, 55172, 0.000520
quick, 8800, 157966, 80497, 0.000652
dual, 8800, 110709, 59575, 0.000317
quick, 8800, 141310, 61982, 0.000539
dual, 8800, 155594, 60379, 0.000395
quick, 8800, 137808, 56350, 0.000537
dual, 8800, 128038, 59409, 0.000359
quick, 8800, 148010, 65576, 0.000623
dual, 8800, 99855, 57530, 0.000323
quick, 8800, 142642, 67357, 0.000544
dual, 8800, 160199, 56373, 0.000419
quick, 8800, 136180, 54109, 0.000542
dual, 8800, 179803, 58376, 0.000453
quick, 8900, 154803, 72167, 0.000568
dual, 8900, 160577, 64312, 0.000420
quick, 8900, 156913, 81324, 0.000565
dual, 8900, 104055, 61036, 0.000327
quick, 8900, 144618, 66920, 0.000552
dual, 8900, 128753, 59174, 0.000361
quick, 8900, 152250, 67245, 0.000600
dual, 8900, 169817, 56098, 0.000467
quick, 8900, 148705, 67603, 0.000572
dual, 8900, 208625, 59260, 0.000518
quick, 8900, 146963, 68261, 0.000565
dual, 8900, 233122, 56979, 0.000627
quick, 8900, 149960, 70727, 0.000622
dual, 8900, 118848, 58103, 0.000353
quick, 8900, 140627, 61807, 0.000552
dual, 8900, 155050, 58807, 0.000414
quick, 8900, 138066, 63565, 0.000551
dual, 8900, 162318, 57381, 0.000423
quick, 8900, 143912, 64355, 0.000567
dual, 8900, 135747, 57014, 0.000376
quick, 9000, 149595, 72738, 0.000572
dual, 9000, 129795, 59327, 0.000365
quick, 9000, 140622, 61316, 0.000551
dual, 9000, 103102, 59721, 0.000317
quick, 9000, 146712, 67011, 0.000549
dual, 9000, 192925, 59617, 0.000525
quick, 9000, 143136, 64882, 0.000619
dual, 9000, 123650, 61897, 0.000396
quick, 9000, 155746, 67532, 0.000547
dual, 9000, 213038, 61766, 0.000512
quick, 9000, 153572, 73080, 0.000555
dual, 9000, 104935, 61444, 0.000329
quick, 9000, 142201, 64818, 0.000562
dual, 9000, 131474, 60997, 0.000364
quick, 9000, 151203, 70796, 0.000591
dual, 9000, 209468, 58268, 0.000500
quick, 9000, 155765, 76070, 0.000607
dual, 9000, 127730, 57172, 0.000374
quick, 9000, 152988, 75810, 0.000676
dual, 9000, 172201, 57126, 0.000460
quick, 9100, 151370, 69804, 0.000566
dual, 9100, 123188, 60987, 0.000353
quick, 9100, 153241, 69729, 0.000582
dual, 9100, 113436, 60066, 0.000337
quick, 9100, 149399, 73545, 0.000631
dual, 9100, 130894, 59616, 0.000375
quick, 9100, 149722, 66102, 0.000570
dual, 9100, 179180, 62516, 0.000456
quick, 9100, 146322, 69034, 0.000566
dual, 9100, 150455, 60910, 0.000403
quick, 9100, 141639, 63683, 0.000567
dual, 9100, 141478, 61251, 0.000434
quick, 9100, 140474, 62612, 0.000584
dual, 9100, 106075, 61923, 0.000323
quick, 9100, 150268, 72615, 0.000574
dual, 9100, 176593, 60089, 0.000451
quick, 9100, 151002, 69267, 0.000583
dual, 9100, 112581, 59414, 0.000339
quick, 9100, 149178, 68422, 0.000595
dual, 9100, 119853, 57889, 0.000333
quick, 9200, 155218, 71723, 0.000681
dual, 9200, 161541, 61860, 0.000412
quick, 9200, 147618, 65275, 0.000782
dual, 9200, 150767, 60119, 0.000432
quick, 9200, 151020, 65839, 0.000652
dual, 9200, 178347, 60411, 0.000452
quick, 9200, 151989, 72225, 0.000564
dual, 9200, 117170, 63475, 0.000341
quick, 9200, 154028, 74675, 0.000586
dual, 9200, 171039, 61910, 0.000476
quick, 9200, 156071, 63457, 0.000609
dual, 9200, 205362, 59707, 0.000504
quick, 9200, 144065, 72661, 0.000580
dual, 9200, 139954, 58663, 0.000386
quick, 9200, 154631, 63608, 0.000578
dual, 9200, 214389, 59611, 0.000506
quick, 9200, 143316, 65150, 0.000574
dual, 9200, 106187, 61531, 0.000325
quick, 9200, 150270, 62567, 0.000575
dual, 9200, 151257, 60526, 0.000401
quick, 9300, 155473, 68770, 0.000621
dual, 9300, 143892, 61333, 0.000440
quick, 9300, 151853, 62560, 0.000608
dual, 9300, 229311, 63853, 0.000561
quick, 9300, 142639, 63532, 0.000705
dual, 9300, 236959, 62115, 0.000624
quick, 9300, 155295, 68300, 0.000913
dual, 9300, 200757, 62895, 0.000525
quick, 9300, 145824, 65848, 0.000587
dual, 9300, 123509, 59894, 0.000352
quick, 9300, 151247, 72527, 0.000587
dual, 9300, 246411, 62216, 0.000568
quick, 9300, 152769, 70651, 0.000585
dual, 9300, 115321, 61160, 0.000343
quick, 9300, 158032, 70333, 0.000596
dual, 9300, 145222, 63107, 0.000401
quick, 9300, 149643, 69458, 0.000582
dual, 9300, 105271, 60166, 0.000325
quick, 9300, 163573, 79933, 0.000668
dual, 9300, 190537, 62027, 0.000498
quick, 9400, 164551, 71000, 0.000610
dual, 9400, 203551, 64245, 0.000509
quick, 9400, 159918, 68364, 0.000585
dual, 9400, 107253, 61432, 0.000337
quick, 9400, 156968, 65429, 0.000612
dual, 9400, 165284, 63195, 0.000424
quick, 9400, 157234, 69471, 0.000704
dual, 9400, 124660, 60243, 0.000346
quick, 9400, 153652, 75050, 0.000592
dual, 9400, 161620, 59611, 0.000413
quick, 9400, 152496, 72330, 0.000589
dual, 9400, 127630, 63133, 0.000366
quick, 9400, 149432, 67422, 0.000638
dual, 9400, 213942, 64939, 0.000509
quick, 9400, 158659, 71292, 0.000596
dual, 9400, 176354, 65057, 0.000455
quick, 9400, 166524, 77009, 0.000681
dual, 9400, 126584, 62289, 0.000375
quick, 9400, 149754, 65573, 0.000596
dual, 9400, 156398, 63549, 0.000401
quick, 9500, 154593, 66000, 0.000618
dual, 9500, 160979, 67317, 0.000456
quick, 9500, 152611, 72806, 0.000598
dual, 9500, 108202, 61806, 0.000343
quick, 9500, 165719, 71752, 0.000598
dual, 9500, 149018, 64716, 0.000405
quick, 9500, 146666, 62948, 0.000596
dual, 9500, 129828, 64798, 0.000376
quick, 9500, 149266, 68160, 0.000595
dual, 9500, 191574, 59612, 0.000488
quick, 9500, 179412, 78938, 0.000651
dual, 9500, 118174, 62453, 0.000371
quick, 9500, 169891, 75869, 0.000618
dual, 9500, 183499, 60944, 0.000458
quick, 9500, 157520, 62289, 0.000682
dual, 9500, 176364, 63671, 0.000479
quick, 9500, 163993, 62982, 0.000609
dual, 9500, 139879, 65266, 0.000414
quick, 9500, 157219, 65749, 0.000591
dual, 9500, 175305, 62880, 0.000441
quick, 9600, 159165, 65277, 0.000668
dual, 9600, 180275, 66459, 0.000487
quick, 9600, 175056, 74500, 0.000647
dual, 9600, 150521, 65376, 0.000416
quick, 9600, 169557, 80854, 0.000609
dual, 9600, 140872, 65398, 0.000404
quick, 9600, 155562, 67658, 0.000594
dual, 9600, 150904, 65993, 0.000426
quick, 9600, 171112, 76135, 0.000613
dual, 9600, 150210, 65016, 0.000412
quick, 9600, 152072, 73590, 0.000603
dual, 9600, 195329, 62421, 0.000534
quick, 9600, 175148, 75670, 0.000672
dual, 9600, 156184, 61402, 0.000427
quick, 9600, 160719, 64006, 0.000623
dual, 9600, 167260, 63026, 0.000501
quick, 9600, 155525, 74662, 0.000720
dual, 9600, 147809, 62748, 0.000402
quick, 9600, 154608, 64352, 0.000651
dual, 9600, 177892, 64426, 0.000462
quick, 9700, 164527, 80829, 0.000589
dual, 9700, 160037, 64422, 0.000432
quick, 9700, 164113, 75684, 0.000599
dual, 9700, 159795, 64222, 0.000432
quick, 9700, 162337, 75813, 0.000609
dual, 9700, 199769, 65330, 0.000511
quick, 9700, 175157, 92885, 0.000623
dual, 9700, 143084, 66353, 0.000398
quick, 9700, 159202, 75322, 0.000606
dual, 9700, 229207, 65874, 0.000594
quick, 9700, 164610, 70695, 0.000790
dual, 9700, 157634, 62266, 0.000410
quick, 9700, 157809, 69100, 0.000610
dual, 9700, 141504, 65365, 0.000408
quick, 9700, 167503, 60282, 0.000577
dual, 9700, 211950, 67622, 0.000513
quick, 9700, 158500, 75378, 0.000591
dual, 9700, 162051, 66435, 0.000469
quick, 9700, 168464, 77002, 0.000628
dual, 9700, 220157, 66697, 0.000522
quick, 9800, 159844, 70632, 0.000667
dual, 9800, 143555, 66330, 0.000450
quick, 9800, 162163, 76819, 0.000662
dual, 9800, 161626, 64824, 0.000424
quick, 9800, 160977, 71609, 0.000616
dual, 9800, 152417, 65643, 0.000426
quick, 9800, 170199, 84964, 0.000701
dual, 9800, 162733, 66019, 0.000458
quick, 9800, 160142, 73486, 0.000615
dual, 9800, 131802, 64614, 0.000375
quick, 9800, 173129, 71729, 0.000627
dual, 9800, 134310, 67269, 0.000381
quick, 9800, 161520, 78600, 0.000614
dual, 9800, 135375, 68018, 0.000420
quick, 9800, 167476, 77716, 0.000608
dual, 9800, 151354, 64319, 0.000426
quick, 9800, 162749, 71777, 0.000610
dual, 9800, 122571, 65018, 0.000360
quick, 9800, 162040, 70032, 0.000627
dual, 9800, 151187, 63977, 0.000415
quick, 9900, 173200, 71017, 0.000654
dual, 9900, 233164, 66228, 0.000547
quick, 9900, 171681, 83241, 0.000667
dual, 9900, 173850, 66342, 0.000547
quick, 9900, 179259, 72733, 0.000819
dual, 9900, 203797, 66413, 0.000553
quick, 9900, 156506, 63323, 0.000615
dual, 9900, 243236, 66282, 0.000572
quick, 9900, 163838, 73949, 0.000624
dual, 9900, 166215, 68975, 0.000448
quick, 9900, 158095, 67369, 0.000656
dual, 9900, 146726, 68690, 0.000388
quick, 9900, 170244, 75374, 0.000623
dual, 9900, 143973, 66144, 0.000402
quick, 9900, 160648, 67703, 0.000623
dual, 9900, 180269, 62485, 0.000481
quick, 9900, 167481, 72327, 0.000606
dual, 9900, 125783, 67937, 0.000362
quick, 9900, 166095, 68765, 0.000600
dual, 9900, 145169, 66759, 0.000396
quick, 10000, 178417, 78227, 0.000723
dual, 10000, 175818, 67069, 0.000486
quick, 10000, 173873, 82845, 0.000664
dual, 10000, 154449, 65725, 0.000414
quick, 10000, 164507, 75108, 0.000652
dual, 10000, 157455, 68627, 0.000425
quick, 10000, 169163, 70221, 0.000663
dual, 10000, 167726, 68997, 0.000609
quick, 10000, 167095, 80949, 0.000627
dual, 10000, 126641, 67796, 0.000373
quick, 10000, 166764, 77147, 0.000628
dual, 10000, 155772, 66791, 0.000423
quick, 10000, 168302, 70072, 0.000622
dual, 10000, 192830, 64081, 0.000501
quick, 10000, 161615, 76595, 0.000649
dual, 10000, 164863, 66109, 0.000425
quick, 10000, 164588, 70073, 0.000627
dual, 10000, 145098, 65790, 0.000386
quick, 10000, 175361, 84899, 0.000752
dual, 10000, 186582, 67835, 0.000529
