quick, 100, 638, 333, 0.000005
insert, 100, 4950, 0, 0.000011
merge, 100, 317, 672, 0.000021
quick, 200, 1463, 768, 0.000009
insert, 200, 19900, 0, 0.000043
merge, 200, 742, 1544, 0.000043
quick, 300, 2514, 1460, 0.000014
insert, 300, 44850, 0, 0.000098
merge, 300, 1204, 2488, 0.000062
quick, 400, 3375, 1977, 0.000019
insert, 400, 79800, 0, 0.000169
merge, 400, 1700, 3488, 0.000128
quick, 500, 4365, 2236, 0.000034
insert, 500, 124750, 0, 0.000264
merge, 500, 2263, 4488, 0.000145
quick, 600, 5823, 2932, 0.000041
insert, 600, 179700, 0, 0.000373
merge, 600, 2731, 5576, 0.000195
quick, 700, 7411, 4252, 0.000050
insert, 700, 244650, 0, 0.000519
merge, 700, 3279, 6676, 0.000142
quick, 800, 8040, 4271, 0.000042
insert, 800, 319600, 0, 0.000693
merge, 800, 3862, 7776, 0.000150
quick, 900, 10583, 5485, 0.000048
insert, 900, 404550, 0, 0.000887
merge, 900, 4451, 8876, 0.000223
quick, 1000, 10649, 6005, 0.000054
insert, 1000, 499500, 0, 0.001074
merge, 1000, 5106, 9976, 0.000296
quick, 1100, 11233, 5669, 0.000060
insert, 1100, 604450, 0, 0.001292
merge, 1100, 5613, 11152, 0.000226
quick, 1200, 14019, 6786, 0.000076
insert, 1200, 719400, 0, 0.001568
merge, 1200, 6186, 12352, 0.000247
quick, 1300, 14846, 8781, 0.000072
insert, 1300, 844350, 0, 0.001861
merge, 1300, 6812, 13552, 0.000415
quick, 1400, 16500, 7815, 0.000078
insert, 1400, 979300, 0, 0.002075
merge, 1400, 7415, 14752, 0.000455
quick, 1500, 17914, 9576, 0.000118
insert, 1500, 1124250, 0, 0.002532
merge, 1500, 8139, 15952, 0.000316
quick, 1600, 19007, 10512, 0.000091
insert, 1600, 1279200, 0, 0.002748
merge, 1600, 8740, 17152, 0.000374
quick, 1700, 20755, 10420, 0.000096
insert, 1700, 1444150, 0, 0.003002
merge, 1700, 9362, 18352, 0.000436
quick, 1800, 21168, 11434, 0.000111
insert, 1800, 1619100, 0, 0.003550
merge, 1800, 10060, 19552, 0.000725
quick, 1900, 23179, 11565, 0.000110
insert, 1900, 1804050, 0, 0.003949
merge, 1900, 10723, 20752, 0.000302
quick, 2000, 23677, 13455, 0.000115
insert, 2000, 1999000, 0, 0.004279
merge, 2000, 11429, 21952, 0.000291
quick, 2100, 27121, 14848, 0.000121
insert, 2100, 2203950, 0, 0.004935
merge, 2100, 12063, 23204, 0.000316
quick, 2200, 26506, 14403, 0.000125
insert, 2200, 2418900, 0, 0.005308
merge, 2200, 12711, 24504, 0.000349
quick, 2300, 27864, 15923, 0.000132
insert, 2300, 2643850, 0, 0.005763
merge, 2300, 13330, 25804, 0.000424
quick, 2400, 31841, 17589, 0.000181
insert, 2400, 2878800, 0, 0.006248
merge, 2400, 13970, 27104, 0.000414
quick, 2500, 34160, 14639, 0.000156
insert, 2500, 3123750, 0, 0.006568
merge, 2500, 14696, 28404, 0.000375
quick, 2600, 36107, 17109, 0.000156
insert, 2600, 3378700, 0, 0.007538
merge, 2600, 15394, 29704, 0.000442
quick, 2700, 35148, 18565, 0.000155
insert, 2700, 3643650, 0, 0.007825
merge, 2700, 16114, 31004, 0.000749
quick, 2800, 39446, 19521, 0.000162
insert, 2800, 3918600, 0, 0.008340
merge, 2800, 16800, 32304, 0.000403
quick, 2900, 37930, 18366, 0.000193
insert, 2900, 4203550, 0, 0.009046
merge, 2900, 17542, 33604, 0.000482
quick, 3000, 38499, 19451, 0.000186
insert, 3000, 4498500, 0, 0.009507
merge, 3000, 18380, 34904, 0.000460
quick, 3100, 41743, 21041, 0.000193
insert, 3100, 4803450, 0, 0.010520
merge, 3100, 19068, 36204, 0.000439
quick, 3200, 42373, 22885, 0.000205
insert, 3200, 5118400, 0, 0.011044
merge, 3200, 19749, 37504, 0.000472
quick, 3300, 42241, 21621, 0.000209
insert, 3300, 5443350, 0, 0.011591
merge, 3300, 20395, 38804, 0.000718
quick, 3400, 47496, 26243, 0.000199
insert, 3400, 5778300, 0, 0.012482
merge, 3400, 21032, 40104, 0.000471
quick, 3500, 45855, 23286, 0.000200
insert, 3500, 6123250, 0, 0.013159
merge, 3500, 21814, 41404, 0.000493
quick, 3600, 47653, 25276, 0.000208
insert, 3600, 6478200, 0, 0.013891
merge, 3600, 22637, 42704, 0.000531
quick, 3700, 48964, 23955, 0.000249
insert, 3700, 6843150, 0, 0.014386
merge, 3700, 23231, 44004, 0.000525
quick, 3800, 51285, 24337, 0.000273
insert, 3800, 7218100, 0, 0.014921
merge, 3800, 24042, 45304, 0.000772
quick, 3900, 53511, 27506, 0.000245
insert, 3900, 7603050, 0, 0.016173
merge, 3900, 24750, 46604, 0.000574
quick, 4000, 58845, 26845, 0.000257
insert, 4000, 7998000, 0, 0.016895
merge, 4000, 25549, 47904, 0.000591
quick, 4100, 55419, 28157, 0.000243
insert, 4100, 8402950, 0, 0.018084
merge, 4100, 26379, 49208, 0.000557
quick, 4200, 60822, 28165, 0.000245
insert, 4200, 8817900, 0, 0.018985
merge, 4200, 27016, 50608, 0.000881
quick, 4300, 59819, 31202, 0.000254
insert, 4300, 9242850, 0, 0.019973
merge, 4300, 27801, 52008, 0.000682
quick, 4400, 59003, 31494, 0.000250
insert, 4400, 9677800, 0, 0.020492
merge, 4400, 28357, 53408, 0.000654
quick, 4500, 66533, 32958, 0.000259
insert, 4500, 10122750, 0, 0.021306
merge, 4500, 29225, 54808, 0.000633
quick, 4600, 75314, 34122, 0.000285
insert, 4600, 10577700, 0, 0.022520
merge, 4600, 29967, 56208, 0.000903
quick, 4700, 72775, 44067, 0.000286
insert, 4700, 11042650, 0, 0.022915
merge, 4700, 30687, 57608, 0.000679
quick, 4800, 69161, 36545, 0.000276
insert, 4800, 11517600, 0, 0.024867
merge, 4800, 31463, 59008, 0.000907
quick, 4900, 68398, 33602, 0.000289
insert, 4900, 12002550, 0, 0.025505
merge, 4900, 32283, 60408, 0.000725
quick, 5000, 74806, 36241, 0.000300
insert, 5000, 12497500, 0, 0.026228
merge, 5000, 33179, 61808, 0.000924
quick, 5100, 75052, 32036, 0.000301
insert, 5100, 13002450, 0, 0.028528
merge, 5100, 34016, 63208, 0.000866
quick, 5200, 81396, 37364, 0.000325
insert, 5200, 13517400, 0, 0.028873
merge, 5200, 34770, 64608, 0.000774
quick, 5300, 75822, 37160, 0.000308
insert, 5300, 14042350, 0, 0.028855
merge, 5300, 35458, 66008, 0.001166
quick, 5400, 79507, 42525, 0.000421
insert, 5400, 14577300, 0, 0.030971
merge, 5400, 36192, 67408, 0.000863
quick, 5500, 75024, 37413, 0.000360
insert, 5500, 15122250, 0, 0.031435
merge, 5500, 37025, 68808, 0.000876
quick, 5600, 86320, 39624, 0.000372
insert, 5600, 15677200, 0, 0.033756
merge, 5600, 37824, 70208, 0.001031
quick, 5700, 80626, 41587, 0.000343
insert, 5700, 16242150, 0, 0.033936
merge, 5700, 38645, 71608, 0.000848
quick, 5800, 83173, 38192, 0.000338
insert, 5800, 16817100, 0, 0.034049
merge, 5800, 39399, 73008, 0.000901
quick, 5900, 88562, 37585, 0.000350
insert, 5900, 17402050, 0, 0.036310
merge, 5900, 40251, 74408, 0.001129
quick, 6000, 88137, 45537, 0.000364
insert, 6000, 17997000, 0, 0.038772
merge, 6000, 41119, 75808, 0.000895
quick, 6100, 97747, 41763, 0.000355
insert, 6100, 18601950, 0, 0.038049
merge, 6100, 42041, 77208, 0.000888
quick, 6200, 93362, 45515, 0.000367
insert, 6200, 19216900, 0, 0.039336
merge, 6200, 42772, 78608, 0.001239
quick, 6300, 95410, 42702, 0.000402
insert, 6300, 19841850, 0, 0.040705
merge, 6300, 43505, 80008, 0.000953
quick, 6400, 100349, 49731, 0.000391
insert, 6400, 20476800, 0, 0.043836
merge, 6400, 44310, 81408, 0.001021
quick, 6500, 98645, 49353, 0.000416
insert, 6500, 21121750, 0, 0.044423
merge, 6500, 44873, 82808, 0.001063
quick, 6600, 99572, 46323, 0.000404
insert, 6600, 21776700, 0, 0.046169
merge, 6600, 45663, 84208, 0.000979
quick, 6700, 105533, 48796, 0.000440
insert, 6700, 22441650, 0, 0.047855
merge, 6700, 46358, 85608, 0.001208
quick, 6800, 104448, 47375, 0.000454
insert, 6800, 23116600, 0, 0.048910
merge, 6800, 47139, 87008, 0.001037
quick, 6900, 104799, 51711, 0.000422
insert, 6900, 23801550, 0, 0.050154
merge, 6900, 47938, 88408, 0.001075
quick, 7000, 113822, 51936, 0.000445
insert, 7000, 24496500, 0, 0.053094
merge, 7000, 48820, 89808, 0.001115
quick, 7100, 112017, 56402, 0.000445
insert, 7100, 25201450, 0, 0.053665
merge, 7100, 49533, 91208, 0.001065
quick, 7200, 110868, 48603, 0.000446
insert, 7200, 25916400, 0, 0.054340
merge, 7200, 50333, 92608, 0.001388
quick, 7300, 111403, 50804, 0.000446
insert, 7300, 26641350, 0, 0.056758
merge, 7300, 51229, 94008, 0.001139
quick, 7400, 112025, 53658, 0.000466
insert, 7400, 27376300, 0, 0.058104
merge, 7400, 51820, 95408, 0.001397
quick, 7500, 115952, 54443, 0.000467
insert, 7500, 28121250, 0, 0.059175
merge, 7500, 52611, 96808, 0.001106
quick, 7600, 116359, 52547, 0.000492
insert, 7600, 28876200, 0, 0.060931
merge, 7600, 53468, 98208, 0.001104
quick, 7700, 124576, 58813, 0.000518
insert, 7700, 29641150, 0, 0.062065
merge, 7700, 54222, 99608, 0.001129
quick, 7800, 119892, 52837, 0.000518
insert, 7800, 30416100, 0, 0.063918
merge, 7800, 54922, 101008, 0.001155
quick, 7900, 125483, 60282, 0.000509
insert, 7900, 31201050, 0, 0.066348
merge, 7900, 55787, 102408, 0.001409
quick, 8000, 123065, 58908, 0.000524
insert, 8000, 31996000, 0, 0.066862
merge, 8000, 56358, 103808, 0.001174
quick, 8100, 124846, 56018, 0.000522
insert, 8100, 32800950, 0, 0.069967
merge, 8100, 57352, 105208, 0.001399
quick, 8200, 135234, 61524, 0.000537
insert, 8200, 33615900, 0, 0.071322
merge, 8200, 58225, 106616, 0.001176
quick, 8300, 130601, 56579, 0.000493
insert, 8300, 34440850, 0, 0.071592
merge, 8300, 59083, 108116, 0.001419
quick, 8400, 133555, 57898, 0.000507
insert, 8400, 35275800, 0, 0.073256
merge, 8400, 59660, 109616, 0.001273
quick, 8500, 138016, 59193, 0.000542
insert, 8500, 36120750, 0, 0.074610
merge, 8500, 60513, 111116, 0.001557
quick, 8600, 136370, 58476, 0.000577
insert, 8600, 36975700, 0, 0.078416
merge, 8600, 61283, 112616, 0.001255
quick, 8700, 139932, 59611, 0.000601
insert, 8700, 37840650, 0, 0.077816
merge, 8700, 62188, 114116, 0.001564
quick, 8800, 145269, 65307, 0.000547
insert, 8800, 38715600, 0, 0.078674
merge, 8800, 63053, 115616, 0.001301
quick, 8900, 148769, 70787, 0.000586
insert, 8900, 39600550, 0, 0.081755
merge, 8900, 64057, 117116, 0.001565
quick, 9000, 162140, 76700, 0.000576
insert, 9000, 40495500, 0, 0.081946
merge, 9000, 64702, 118616, 0.001479
quick, 9100, 144743, 69039, 0.000549
insert, 9100, 41400450, 0, 0.085174
merge, 9100, 65980, 120116, 0.001406
quick, 9200, 157703, 66685, 0.000607
insert, 9200, 42315400, 0, 0.089580
merge, 9200, 67061, 121616, 0.001834
quick, 9300, 155217, 74201, 0.000596
insert, 9300, 43240350, 0, 0.094067
merge, 9300, 67646, 123116, 0.001501
quick, 9400, 165785, 74458, 0.000644
insert, 9400, 44175300, 0, 0.095619
merge, 9400, 68344, 124616, 0.001544
quick, 9500, 158343, 70699, 0.000607
insert, 9500, 45120250, 0, 0.098254
merge, 9500, 69171, 126116, 0.001430
quick, 9600, 158593, 67242, 0.000595
insert, 9600, 46075200, 0, 0.098694
merge, 9600, 70104, 127616, 0.001583
quick, 9700, 161870, 75132, 0.000654
insert, 9700, 47040150, 0, 0.100994
merge, 9700, 71149, 129116, 0.001584
quick, 9800, 168642, 76032, 0.000619
insert, 9800, 48015100, 0, 0.103689
merge, 9800, 71795, 130616, 0.001712
quick, 9900, 162120, 70940, 0.000620
insert, 9900, 49000050, 0, 0.105197
merge, 9900, 72677, 132116, 0.001650
quick, 10000, 164989, 75596, 0.000766
insert, 10000, 49995000, 0, 0.105819
merge, 10000, 73699, 133616, 0.001422
